0.000000 -0.000000 0.000000 -0.000000
0.051547 1.000725 0.051547 1.000725
0.146463 1.995659 0.146463 1.995659
0.287920 2.986691 0.287920 2.986691
0.465750 3.963845 0.465750 3.963845
0.697164 4.934639 0.697164 4.934639
0.971569 5.887651 0.971569 5.887651
1.288079 6.826202 1.288079 6.826202
1.651331 7.743952 1.651331 7.743952
2.050498 8.646240 2.050498 8.646240
2.488685 9.527392 2.488685 9.527392
2.966292 10.384170 2.966292 10.384170
3.483068 11.215600 3.483068 11.215600
4.036690 12.018780 4.036690 12.018780
4.631439 12.790060 4.631439 12.790060
5.252124 13.530580 5.252124 13.530580
5.913461 14.237310 5.913461 14.237310
6.602643 14.912160 6.602643 14.912160
7.315983 15.554830 7.315983 15.554830
8.059654 16.155000 8.059654 16.155000
8.824947 16.721740 8.824947 16.721740
9.617499 17.248350 9.617499 17.248350
10.435720 17.735820 10.435720 17.735820
11.273390 18.188610 11.273390 18.188610
12.138440 18.605410 12.138440 18.605410
13.023860 18.984860 13.023860 18.984860
13.922820 19.335290 13.922820 19.335290
14.845670 19.655580 14.845670 19.655580
15.788190 19.948580 15.788190 19.948580
16.746090 20.209590 16.746090 20.209590
17.710960 20.442900 17.710960 20.442900
18.690740 20.645440 18.690740 20.645440
19.691660 20.816490 19.691660 20.816490
20.708720 20.958900 20.708720 20.958900
21.741570 21.074500 21.741570 21.074500
22.790760 21.161180 22.790760 21.161180
23.853650 21.214680 23.853650 21.214680
24.931120 21.240690 24.931120 21.240690
26.023480 21.240270 26.023480 21.240270
27.127230 21.215640 27.127230 21.215640
28.242490 21.169690 28.242490 21.169690
29.370220 21.107410 29.370220 21.107410
30.502910 21.029600 30.502910 21.029600
31.641960 20.939840 31.641960 20.939840
32.786820 20.836960 32.786820 20.836960
33.942320 20.718590 33.942320 20.718590
35.114730 20.585330 35.114730 20.585330
36.309120 20.436980 36.309120 20.436980
37.526800 20.278900 37.526800 20.278900
38.767330 20.110850 38.767330 20.110850
40.024030 19.932530 40.024030 19.932530
41.305500 19.746480 41.305500 19.746480
42.606790 19.550650 42.606790 19.550650
43.932780 19.347860 43.932780 19.347860
45.281370 19.137530 45.281370 19.137530
46.648500 18.922310 46.648500 18.922310
48.035590 18.699440 48.035590 18.699440
49.442010 18.473180 49.442010 18.473180
50.871250 18.239940 50.871250 18.239940
52.316340 18.005710 52.316340 18.005710
53.784140 17.768220 53.784140 17.768220
55.275610 17.528650 55.275610 17.528650
56.786900 17.289470 56.786900 17.289470
58.319700 17.046980 58.319700 17.046980
59.870040 16.805550 59.870040 16.805550
61.449320 16.560090 61.449320 16.560090
63.045640 16.314830 63.045640 16.314830
64.661460 16.065550 64.661460 16.065550
66.292730 15.814290 66.292730 15.814290
67.933580 15.564290 67.933580 15.564290
69.591460 15.310650 69.591460 15.310650
71.263480 15.060480 71.263480 15.060480
72.949570 14.807080 72.949570 14.807080
74.656790 14.553820 74.656790 14.553820
76.375830 14.295830 76.375830 14.295830
78.112070 14.037650 78.112070 14.037650
79.864170 13.776110 79.864170 13.776110
81.626560 13.514710 81.626560 13.514710
83.403150 13.249300 83.403150 13.249300
85.193770 12.980000 85.193770 12.980000
87.005380 12.707110 87.005380 12.707110
88.827470 12.428430 88.827470 12.428430
90.666610 12.148610 90.666610 12.148610
92.516130 11.861270 92.516130 11.861270
94.384170 11.569350 94.384170 11.569350
96.263770 11.267510 96.263770 11.267510
98.153870 10.959010 98.153870 10.959010
100.052700 10.639880 100.052700 10.639880
101.955300 10.309910 101.955300 10.309910
103.869800 9.966128 103.869800 9.966128
105.791000 9.611618 105.791000 9.611618
107.724800 9.246382 107.724800 9.246382
109.668300 8.871585 109.668300 8.871585
111.620600 8.486629 111.620600 8.486629
113.581500 8.086921 113.581500 8.086921
115.547800 7.674193 115.547800 7.674193
117.518200 7.246929 117.518200 7.246929
119.496300 6.808278 119.496300 6.808278
121.486100 6.351224 121.486100 6.351224
123.481700 5.883248 123.481700 5.883248
125.479400 5.403529 125.479400 5.403529
127.488900 4.911013 127.488900 4.911013
129.500400 4.402279 129.500400 4.402279
131.523300 3.880107 131.523300 3.880107
133.548600 3.348158 133.548600 3.348158
135.583700 2.806947 135.583700 2.806947
137.625000 2.257989 137.625000 2.257989
139.679700 1.699296 139.679700 1.699296
141.730400 1.132152 141.730400 1.132152
143.792700 0.551587 143.792700 0.551587
145.861800 -0.041372 145.861800 -0.041372
147.930500 -0.644931 147.930500 -0.644931
150.006800 -1.261108 150.006800 -1.261108
152.096800 -1.892338 152.096800 -1.892338
154.181200 -2.533182 154.181200 -2.533182
156.275300 -3.187653 156.275300 -3.187653
158.373400 -3.851462 158.373400 -3.851462
160.473700 -4.525316 160.473700 -4.525316
162.587500 -5.211974 162.587500 -5.211974
164.703700 -5.908582 164.703700 -5.908582
166.825700 -6.614701 166.825700 -6.614701
168.953700 -7.331463 168.953700 -7.331463
171.087100 -8.063072 171.087100 -8.063072
173.224500 -8.806086 173.224500 -8.806086
175.366500 -9.557829 175.366500 -9.557829
177.516900 -10.318270 177.516900 -10.318270
179.671400 -11.085600 179.671400 -11.085600
181.830300 -11.862250 181.830300 -11.862250
183.996900 -12.649860 183.996900 -12.649860
186.169900 -13.447970 186.169900 -13.447970
188.344000 -14.255450 188.344000 -14.255450
190.519500 -15.074930 190.519500 -15.074930
192.708700 -15.908790 192.708700 -15.908790
194.901000 -16.753160 194.901000 -16.753160
197.093000 -17.607380 197.093000 -17.607380
199.295800 -18.474840 199.295800 -18.474840
201.480400 -19.344490 201.480400 -19.344490
203.688200 -20.234590 203.688200 -20.234590
205.877000 -21.127230 205.877000 -21.127230
208.074800 -22.036650 208.074800 -22.036650
210.274600 -22.953960 210.274600 -22.953960
212.474400 -23.878960 212.474400 -23.878960
214.669700 -24.806880 214.669700 -24.806880
216.871600 -25.745200 216.871600 -25.745200
219.085400 -26.695130 219.085400 -26.695130
221.275200 -27.642300 221.275200 -27.642300
223.474800 -28.598900 223.474800 -28.598900
225.674300 -29.566300 225.674300 -29.566300
227.868600 -30.542110 227.868600 -30.542110
230.065600 -31.524500 230.065600 -31.524500
232.258400 -32.511370 232.258400 -32.511370
234.447800 -33.504090 234.447800 -33.504090
236.640200 -34.507130 236.640200 -34.507130
238.826600 -35.515520 238.826600 -35.515520
241.009800 -36.533550 241.009800 -36.533550
243.186600 -37.558710 243.186600 -37.558710
245.357100 -38.591140 245.357100 -38.591140
247.524400 -39.631980 247.524400 -39.631980
249.683900 -40.683640 249.683900 -40.683640
251.842400 -41.746310 251.842400 -41.746310
253.989600 -42.813710 253.989600 -42.813710
256.142500 -43.890310 256.142500 -43.890310
258.295100 -44.977770 258.295100 -44.977770
260.444600 -46.074080 260.444600 -46.074080
262.592500 -47.183980 262.592500 -47.183980
264.734000 -48.300070 264.734000 -48.300070
266.892000 -49.434520 266.892000 -49.434520
269.025500 -50.567930 269.025500 -50.567930
271.174400 -51.720410 271.174400 -51.720410
273.331800 -52.887710 273.331800 -52.887710
275.487000 -54.062120 275.487000 -54.062120
277.658000 -55.253110 277.658000 -55.253110
279.827300 -56.455140 279.827300 -56.455140
282.016800 -57.674140 282.016800 -57.674140
284.188500 -58.892510 284.188500 -58.892510
286.372400 -60.129560 286.372400 -60.129560
288.570200 -61.384950 288.570200 -61.384950
290.770400 -62.649290 290.770400 -62.649290
292.982700 -63.923410 292.982700 -63.923410
295.195300 -65.206240 295.195300 -65.206240
297.421200 -66.505210 297.421200 -66.505210
299.642300 -67.808740 299.642300 -67.808740
301.876300 -69.125600 301.876300 -69.125600
304.114100 -70.451700 304.114100 -70.451700
306.359300 -71.791680 306.359300 -71.791680
308.613400 -73.144030 308.613400 -73.144030
310.871400 -74.512450 310.871400 -74.512450
313.130100 -75.900120 313.130100 -75.900120
315.385200 -77.307250 315.385200 -77.307250
317.638300 -78.729880 317.638300 -78.729880
319.895400 -80.172710 319.895400 -80.172710
322.157900 -81.632110 322.157900 -81.632110
324.412000 -83.100090 324.412000 -83.100090
326.662600 -84.579720 326.662600 -84.579720
328.905500 -86.068260 328.905500 -86.068260
331.147700 -87.570510 331.147700 -87.570510
333.384000 -89.086750 333.384000 -89.086750
335.613300 -90.614260 335.613300 -90.614260
337.838900 -92.151540 337.838900 -92.151540
340.056000 -93.700140 340.056000 -93.700140
342.275200 -95.265020 342.275200 -95.265020
344.489200 -96.836160 344.489200 -96.836160
346.701000 -98.411950 346.701000 -98.411950
348.910300 -99.998130 348.910300 -99.998130
351.109400 -101.590900 351.109400 -101.590900
353.310700 -103.203300 353.310700 -103.203300
355.499600 -104.817000 355.499600 -104.817000
357.680900 -106.441100 357.680900 -106.441100
359.867000 -108.078100 359.867000 -108.078100
362.038600 -109.716700 362.038600 -109.716700
364.205100 -111.363100 364.205100 -111.363100
366.362600 -113.017600 366.362600 -113.017600
368.514800 -114.681700 368.514800 -114.681700
370.654300 -116.349400 370.654300 -116.349400
372.792500 -118.026200 372.792500 -118.026200
374.932200 -119.705500 374.932200 -119.705500
377.044400 -121.373300 377.044400 -121.373300
379.148900 -123.073400 379.148900 -123.073400
381.246000 -124.786100 381.246000 -124.786100
383.353100 -126.497900 383.353100 -126.497900
385.462500 -128.206200 385.462500 -128.206200
387.563800 -129.914000 387.563800 -129.914000
389.648900 -131.627300 389.648900 -131.627300
391.716800 -133.350700 391.716800 -133.350700
393.780000 -135.083100 393.780000 -135.083100
395.838500 -136.824400 395.838500 -136.824400
397.893400 -138.570200 397.893400 -138.570200
399.942900 -140.317600 399.942900 -140.317600
401.977500 -142.068800 401.977500 -142.068800
404.013200 -143.839800 404.013200 -143.839800
406.039600 -145.609400 406.039600 -145.609400
408.063900 -147.386100 408.063900 -147.386100
410.086500 -149.165300 410.086500 -149.165300
412.099900 -150.939100 412.099900 -150.939100
414.119900 -152.725600 414.119900 -152.725600
416.129700 -154.506300 416.129700 -154.506300
418.136900 -156.285800 418.136900 -156.285800
420.140100 -158.070100 420.140100 -158.070100
422.141300 -159.857900 422.141300 -159.857900
424.142400 -161.650900 424.142400 -161.650900
426.135700 -163.442300 426.135700 -163.442300
428.128800 -165.237800 428.128800 -165.237800
430.110900 -167.032000 430.110900 -167.032000
432.096100 -168.831000 432.096100 -168.831000
434.072100 -170.628000 434.072100 -170.628000
436.053100 -172.422100 436.053100 -172.422100
438.042000 -174.202900 438.042000 -174.202900
440.030000 -175.970500 440.030000 -175.970500
442.033900 -177.747500 442.033900 -177.747500
444.039200 -179.520000 444.039200 -179.520000
446.046000 -181.288400 446.046000 -181.288400
448.053200 -183.044700 448.053200 -183.044700
450.064000 -184.791600 450.064000 -184.791600
452.092400 -186.532700 452.092400 -186.532700
454.125100 -188.265200 454.125100 -188.265200
456.158000 -189.992400 456.158000 -189.992400
458.187300 -191.720300 458.187300 -191.720300
460.215200 -193.451900 460.215200 -193.451900
462.246200 -195.183000 462.246200 -195.183000
464.279100 -196.905900 464.279100 -196.905900
466.313500 -198.621400 466.313500 -198.621400
468.350900 -200.337600 468.350900 -200.337600
470.383900 -202.048300 470.383900 -202.048300
472.425900 -203.765600 472.425900 -203.765600
474.468300 -205.478700 474.468300 -205.478700
476.511300 -207.185500 476.511300 -207.185500
478.555800 -208.886800 478.555800 -208.886800
480.606000 -210.588600 480.606000 -210.588600
482.654500 -212.285300 482.654500 -212.285300
484.707100 -213.982600 484.707100 -213.982600
486.757700 -215.677000 486.757700 -215.677000
488.806600 -217.370700 488.806600 -217.370700
490.862900 -219.065900 490.862900 -219.065900
492.916600 -220.757600 492.916600 -220.757600
494.971300 -222.447600 494.971300 -222.447600
497.024700 -224.138900 497.024700 -224.138900
499.072200 -225.827000 499.072200 -225.827000
501.132800 -227.527400 501.132800 -227.527400
503.186700 -229.220500 503.186700 -229.220500
505.239000 -230.914300 505.239000 -230.914300
507.291500 -232.607200 507.291500 -232.607200
509.338100 -234.297500 509.338100 -234.297500
511.393900 -235.996900 511.393900 -235.996900
513.445400 -237.690800 513.445400 -237.690800
515.497400 -239.384300 515.497400 -239.384300
517.549300 -241.076200 517.549300 -241.076200
519.601400 -242.768000 519.601400 -242.768000
521.657400 -244.463900 521.657400 -244.463900
523.710600 -246.155700 523.710600 -246.155700
525.762700 -247.845500 525.762700 -247.845500
527.815900 -249.536700 527.815900 -249.536700
529.865100 -251.222800 529.865100 -251.222800
531.926200 -252.915800 531.926200 -252.915800
533.981400 -254.603600 533.981400 -254.603600
536.037700 -256.292500 536.037700 -256.292500
538.095100 -257.983000 538.095100 -257.983000
540.153600 -259.674600 540.153600 -259.674600
542.213600 -261.366100 542.213600 -261.366100
544.267900 -263.054700 544.267900 -263.054700
546.325300 -264.747800 546.325300 -264.747800
548.376000 -266.436600 548.376000 -266.436600
550.436500 -268.134300 550.436500 -268.134300
552.495600 -269.831900 552.495600 -269.831900
554.549300 -271.525400 554.549300 -271.525400
556.605100 -273.220000 556.605100 -273.220000
558.659100 -274.914100 558.659100 -274.914100
560.720400 -276.614600 560.720400 -276.614600
562.777500 -278.311400 562.777500 -278.311400
564.838600 -280.008500 564.838600 -280.008500
566.895900 -281.702100 566.895900 -281.702100
568.950200 -283.394700 568.950200 -283.394700
571.015000 -285.093600 571.015000 -285.093600
573.077300 -286.787100 573.077300 -286.787100
575.138400 -288.476600 575.138400 -288.476600
577.200700 -290.167700 577.200700 -290.167700
579.254000 -291.852900 579.254000 -291.852900
581.314100 -293.542800 581.314100 -293.542800
583.371300 -295.226700 583.371300 -295.226700
585.438300 -296.913900 585.438300 -296.913900
587.519000 -298.612100 587.519000 -298.612100
589.548900 -300.263000 589.548900 -300.263000
591.610800 -301.938300 591.610800 -301.938300
593.671600 -303.609100 593.671600 -303.609100
595.737000 -305.280000 595.737000 -305.280000
597.802700 -306.948800 597.802700 -306.948800
599.867000 -308.613100 599.867000 -308.613100
601.934500 -310.281300 601.934500 -310.281300
604.002400 -311.952300 604.002400 -311.952300
606.070100 -313.624200 606.070100 -313.624200
608.133300 -315.290200 608.133300 -315.290200
610.204100 -316.963500 610.204100 -316.963500
612.270700 -318.635800 612.270700 -318.635800
614.331600 -320.303900 614.331600 -320.303900
616.401400 -321.978100 616.401400 -321.978100
618.465800 -323.646200 618.465800 -323.646200
620.535000 -325.317100 620.535000 -325.317100
622.606700 -326.989100 622.606700 -326.989100
624.675100 -328.657500 624.675100 -328.657500
626.745900 -330.327000 626.745900 -330.327000
628.813800 -331.994200 628.813800 -331.994200
630.888700 -333.665600 630.888700 -333.665600
632.958700 -335.330800 632.958700 -335.330800
635.032400 -336.999800 635.032400 -336.999800
637.095100 -338.659400 637.095100 -338.659400
639.165900 -340.323400 639.165900 -340.323400
641.237400 -341.988600 641.237400 -341.988600
643.304700 -343.649600 643.304700 -343.649600
645.375000 -345.310100 645.375000 -345.310100
647.445400 -346.968600 647.445400 -346.968600
649.515500 -348.623900 649.515500 -348.623900
651.591300 -350.282000 651.591300 -350.282000
653.662300 -351.935500 653.662300 -351.935500
655.735800 -353.587000 655.735800 -353.587000
657.805700 -355.234100 657.805700 -355.234100
659.877900 -356.880600 659.877900 -356.880600
661.958600 -358.532800 661.958600 -358.532800
664.036100 -360.181900 664.036100 -360.181900
666.112000 -361.828900 666.112000 -361.828900
668.190400 -363.475200 668.190400 -363.475200
670.271200 -365.123200 670.271200 -365.123200
672.350500 -366.769500 672.350500 -366.769500
674.432500 -368.419200 674.432500 -368.419200
676.509000 -370.067500 676.509000 -370.067500
678.587600 -371.720300 678.587600 -371.720300
680.665700 -373.374300 680.665700 -373.374300
682.743200 -375.030400 682.743200 -375.030400
684.819800 -376.684200 684.819800 -376.684200
686.894500 -378.337000 686.894500 -378.337000
688.965600 -379.990200 688.965600 -379.990200
691.040800 -381.648800 691.040800 -381.648800
693.115600 -383.304600 693.115600 -383.304600
695.193000 -384.961300 695.193000 -384.961300
697.271000 -386.614300 697.271000 -386.614300
699.345700 -388.264600 699.345700 -388.264600
701.427400 -389.918100 701.427400 -389.918100
703.506500 -391.568600 703.506500 -391.568600
705.582900 -393.216800 705.582900 -393.216800
707.661300 -394.866500 707.661300 -394.866500
709.744100 -396.517700 709.744100 -396.517700
711.824300 -398.160700 711.824300 -398.160700
713.905400 -399.800100 713.905400 -399.800100
715.983900 -401.433800 715.983900 -401.433800
718.063100 -403.067400 718.063100 -403.067400
720.144100 -404.698000 720.144100 -404.698000
722.229600 -406.329600 722.229600 -406.329600
724.315600 -407.958200 724.315600 -407.958200
726.405700 -409.585000 726.405700 -409.585000
728.498300 -411.207700 728.498300 -411.207700
730.588800 -412.828700 730.588800 -412.828700
732.675200 -414.450100 732.675200 -414.450100
734.766400 -416.073400 734.766400 -416.073400
736.855600 -417.693500 736.855600 -417.693500
738.953300 -419.315700 738.953300 -419.315700
741.047900 -420.934000 741.047900 -420.934000
743.141900 -422.550800 743.141900 -422.550800
745.235400 -424.169200 745.235400 -424.169200
747.328900 -425.791700 747.328900 -425.791700
749.420700 -427.413400 749.420700 -427.413400
751.517300 -429.036200 751.517300 -429.036200
753.611600 -430.654100 753.611600 -430.654100
755.710900 -432.270600 755.710900 -432.270600
757.808900 -433.884000 757.808900 -433.884000
759.909100 -435.497600 759.909100 -435.497600
762.018100 -437.112500 762.018100 -437.112500
764.124900 -438.722100 764.124900 -438.722100
766.234600 -440.329500 766.234600 -440.329500
768.346800 -441.935500 768.346800 -441.935500
770.457100 -443.537800 770.457100 -443.537800
772.573000 -445.140400 772.573000 -445.140400
774.690100 -446.740900 774.690100 -446.740900
776.805000 -448.338900 776.805000 -448.338900
778.917600 -449.932200 778.917600 -449.932200
781.038200 -451.529000 781.038200 -451.529000
783.155300 -453.120700 783.155300 -453.120700
785.270600 -454.711000 785.270600 -454.711000
787.386600 -456.303600 787.386600 -456.303600
789.493500 -457.892700 789.493500 -457.892700
791.604400 -459.487600 791.604400 -459.487600
793.709700 -461.081700 793.709700 -461.081700
795.813700 -462.677200 795.813700 -462.677200
797.914000 -464.271400 797.914000 -464.271400
800.012300 -465.863500 800.012300 -465.863500
802.108300 -467.454300 802.108300 -467.454300
804.202800 -469.044800 804.202800 -469.044800
806.298700 -470.637300 806.298700 -470.637300
808.395900 -472.230700 808.395900 -472.230700
810.490200 -473.819600 810.490200 -473.819600
812.591000 -475.412500 812.591000 -475.412500
814.688800 -477.001300 814.688800 -477.001300
816.791500 -478.590500 816.791500 -478.590500
818.894900 -480.174800 818.894900 -480.174800
821.002300 -481.757300 821.002300 -481.757300
823.116400 -483.340400 823.116400 -483.340400
825.230100 -484.918200 825.230100 -484.918200
827.347200 -486.492700 827.347200 -486.492700
829.464500 -488.061400 829.464500 -488.061400
831.590900 -489.631900 831.590900 -489.631900
833.722900 -491.204900 833.722900 -491.204900
835.854100 -492.776100 835.854100 -492.776100
837.986000 -494.344600 837.986000 -494.344600
840.119900 -495.913200 840.119900 -495.913200
842.262300 -497.485400 842.262300 -497.485400
844.403800 -499.055800 844.403800 -499.055800
846.543700 -500.625700 846.543700 -500.625700
848.682700 -502.196400 848.682700 -502.196400
850.821300 -503.767000 850.821300 -503.767000
852.972200 -505.343100 852.972200 -505.343100
855.114700 -506.913500 855.114700 -506.913500
857.261900 -508.487400 857.261900 -508.487400
859.408400 -510.061300 859.408400 -510.061300
861.557000 -511.637000 861.557000 -511.637000
863.710400 -513.213700 863.710400 -513.213700
865.858900 -514.784800 865.858900 -514.784800
868.011600 -516.355400 868.011600 -516.355400
870.157100 -517.922200 870.157100 -517.922200
872.293800 -519.483600 872.293800 -519.483600
874.441900 -521.049300 874.441900 -521.049300
876.588500 -522.608000 876.588500 -522.608000
878.736800 -524.160900 878.736800 -524.160900
880.882200 -525.706500 880.882200 -525.706500
883.032300 -527.247900 883.032300 -527.247900
885.200100 -528.796300 885.200100 -528.796300
887.323800 -530.307900 887.323800 -530.307900
889.470600 -531.831000 889.470600 -531.831000
891.609100 -533.345600 891.609100 -533.345600
893.755000 -534.861900 893.755000 -534.861900
895.895200 -536.369700 895.895200 -536.369700
898.034700 -537.873200 898.034700 -537.873200
900.174200 -539.374300 900.174200 -539.374300
902.307900 -540.866200 902.307900 -540.866200
904.456500 -542.363200 904.456500 -542.363200
906.591000 -543.848100 906.591000 -543.848100
908.727200 -545.332100 908.727200 -545.332100
910.862300 -546.814300 910.862300 -546.814300
912.989900 -548.291900 912.989900 -548.291900
915.123000 -549.772700 915.123000 -549.772700
917.261700 -551.257800 917.261700 -551.257800
919.400600 -552.731200 919.400600 -552.731200
921.544500 -554.202400 921.544500 -554.202400
923.676200 -555.662100 923.676200 -555.662100
925.806600 -557.125700 925.806600 -557.125700
927.945000 -558.595100 927.945000 -558.595100
930.086300 -560.064900 930.086300 -560.064900
932.226300 -561.535200 932.226300 -561.535200
934.353900 -562.995900 934.353900 -562.995900
936.492800 -564.466200 936.492800 -564.466200
938.632500 -565.932700 938.632500 -565.932700
940.771900 -567.396900 940.771900 -567.396900
942.915800 -568.859500 942.915800 -568.859500
945.057500 -570.322000 945.057500 -570.322000
947.204900 -571.786200 947.204900 -571.786200
949.353200 -573.248100 949.353200 -573.248100
951.507700 -574.710200 951.507700 -574.710200
953.660400 -576.166100 953.660400 -576.166100
955.815300 -577.619100 955.815300 -577.619100
957.980400 -579.074900 957.980400 -579.074900
960.137800 -580.525800 960.137800 -580.525800
962.301900 -581.977800 962.301900 -581.977800
964.464000 -583.424600 964.464000 -583.424600
966.636800 -584.874100 966.636800 -584.874100
968.800400 -586.315000 968.800400 -586.315000
970.963300 -587.758200 970.963300 -587.758200
973.125200 -589.204100 973.125200 -589.204100
975.287600 -590.649100 975.287600 -590.649100
977.455300 -592.093300 977.455300 -592.093300
979.624600 -593.533300 979.624600 -593.533300
981.794900 -594.975700 981.794900 -594.975700
983.961700 -596.421100 983.961700 -596.421100
986.126800 -597.868700 986.126800 -597.868700
988.292900 -599.317700 988.292900 -599.317700
990.461700 -600.766400 990.461700 -600.766400
992.630400 -602.212200 992.630400 -602.212200
994.799000 -603.655800 994.799000 -603.655800
996.966300 -605.096100 996.966300 -605.096100
999.137500 -606.536900 999.137500 -606.536900
1001.304000 -607.973200 1001.304000 -607.973200
1003.471000 -609.407800 1003.471000 -609.407800
1005.637000 -610.839700 1005.637000 -610.839700
1007.806000 -612.269700 1007.806000 -612.269700
1009.973000 -613.695400 1009.973000 -613.695400
1012.137000 -615.118600 1012.137000 -615.118600
1014.298000 -616.538100 1014.298000 -616.538100
1016.458000 -617.959200 1016.458000 -617.959200
1018.616000 -619.381100 1018.616000 -619.381100
1020.773000 -620.800600 1020.773000 -620.800600
1022.925000 -622.217200 1022.925000 -622.217200
1025.074000 -623.631100 1025.074000 -623.631100
1027.219000 -625.042000 1027.219000 -625.042000
1029.367000 -626.452700 1029.367000 -626.452700
1031.514000 -627.857200 1031.514000 -627.857200
1033.658000 -629.252700 1033.658000 -629.252700
1035.804000 -630.641600 1035.804000 -630.641600
1037.942000 -632.024200 1037.942000 -632.024200
1040.088000 -633.410800 1040.088000 -633.410800
1042.231000 -634.798800 1042.231000 -634.798800
1044.372000 -636.184900 1044.372000 -636.184900
1046.514000 -637.567500 1046.514000 -637.567500
1048.656000 -638.946200 1048.656000 -638.946200
1050.796000 -640.317400 1050.796000 -640.317400
1052.940000 -641.685000 1052.940000 -641.685000
1055.084000 -643.051500 1055.084000 -643.051500
1057.226000 -644.417300 1057.226000 -644.417300
1059.374000 -645.784000 1059.374000 -645.784000
1061.525000 -647.144100 1061.525000 -647.144100
1063.674000 -648.491900 1063.674000 -648.491900
1065.821000 -649.837500 1065.821000 -649.837500
1067.966000 -651.185500 1067.966000 -651.185500
1070.112000 -652.534700 1070.112000 -652.534700
1072.257000 -653.884700 1072.257000 -653.884700
1074.401000 -655.235300 1074.401000 -655.235300
1076.547000 -656.590100 1076.547000 -656.590100
1078.687000 -657.941200 1078.687000 -657.941200
1080.840000 -659.293400 1080.840000 -659.293400
1082.986000 -660.639100 1082.986000 -660.639100
1085.128000 -661.981400 1085.128000 -661.981400
1087.270000 -663.328400 1087.270000 -663.328400
1089.413000 -664.669300 1089.413000 -664.669300
1091.568000 -666.014000 1091.568000 -666.014000
1093.718000 -667.347400 1093.718000 -667.347400
1095.878000 -668.677700 1095.878000 -668.677700
1098.041000 -670.011200 1098.041000 -670.011200
1100.195000 -671.340900 1100.195000 -671.340900
1102.354000 -672.672600 1102.354000 -672.672600
1104.507000 -673.995800 1104.507000 -673.995800
1106.668000 -675.317100 1106.668000 -675.317100
1108.829000 -676.637400 1108.829000 -676.637400
1110.993000 -677.958100 1110.993000 -677.958100
1113.157000 -679.272000 1113.157000 -679.272000
1115.326000 -680.586800 1115.326000 -680.586800
1117.494000 -681.895800 1117.494000 -681.895800
1119.659000 -683.201000 1119.659000 -683.201000
1121.838000 -684.511700 1121.838000 -684.511700
1124.019000 -685.823700 1124.019000 -685.823700
1126.198000 -687.131900 1126.198000 -687.131900
1128.381000 -688.439200 1128.381000 -688.439200
1130.564000 -689.743100 1130.564000 -689.743100
1132.753000 -691.046400 1132.753000 -691.046400
1134.946000 -692.350400 1134.946000 -692.350400
1137.143000 -693.654000 1137.143000 -693.654000
1139.341000 -694.955400 1139.341000 -694.955400
1141.541000 -696.255100 1141.541000 -696.255100
1143.749000 -697.556000 1143.749000 -697.556000
1145.954000 -698.852200 1145.954000 -698.852200
1148.163000 -700.148700 1148.163000 -700.148700
1150.376000 -701.445000 1150.376000 -701.445000
1152.585000 -702.740800 1152.585000 -702.740800
1154.800000 -704.040800 1154.800000 -704.040800
1157.012000 -705.337700 1157.012000 -705.337700
1159.229000 -706.637800 1159.229000 -706.637800
1161.448000 -707.936300 1161.448000 -707.936300
1163.663000 -709.236900 1163.663000 -709.236900
1165.886000 -710.538400 1165.886000 -710.538400
1168.110000 -711.843600 1168.110000 -711.843600
1170.337000 -713.150500 1170.337000 -713.150500
1172.562000 -714.459000 1172.562000 -714.459000
1174.790000 -715.767800 1174.790000 -715.767800
1177.083000 -717.112200 1177.083000 -717.112200
1179.271000 -718.394000 1179.271000 -718.394000
1181.516000 -719.710500 1181.516000 -719.710500
1183.758000 -721.022300 1183.758000 -721.022300
1186.021000 -722.344800 1186.021000 -722.344800
1188.272000 -723.659100 1188.272000 -723.659100
1190.524000 -724.974300 1190.524000 -724.974300
1192.784000 -726.294800 1192.784000 -726.294800
1195.054000 -727.620100 1195.054000 -727.620100
1197.315000 -728.937000 1197.315000 -728.937000
1199.585000 -730.258400 1199.585000 -730.258400
1201.867000 -731.581900 1201.867000 -731.581900
1204.142000 -732.897800 1204.142000 -732.897800
1206.417000 -734.212600 1206.417000 -734.212600
1208.709000 -735.534000 1208.709000 -735.534000
1210.993000 -736.845900 1210.993000 -736.845900
1213.283000 -738.159200 1213.283000 -738.159200
1215.578000 -739.475600 1215.578000 -739.475600
1217.874000 -740.790400 1217.874000 -740.790400
1220.173000 -742.105200 1220.173000 -742.105200
1222.478000 -743.415200 1222.478000 -743.415200
1224.787000 -744.722300 1224.787000 -744.722300
1227.101000 -746.027900 1227.101000 -746.027900
1229.416000 -747.328100 1229.416000 -747.328100
1231.744000 -748.631400 1231.744000 -748.631400
1234.074000 -749.929400 1234.074000 -749.929400
1236.405000 -751.226700 1236.405000 -751.226700
1238.735000 -752.519700 1238.735000 -752.519700
1241.082000 -753.823500 1241.082000 -753.823500
1243.423000 -755.120300 1243.423000 -755.120300
1245.771000 -756.419400 1245.771000 -756.419400
1248.123000 -757.717500 1248.123000 -757.717500
1250.478000 -759.013700 1250.478000 -759.013700
1252.841000 -760.312000 1252.841000 -760.312000
1255.209000 -761.611600 1255.209000 -761.611600
1257.579000 -762.911000 1257.579000 -762.911000
1259.949000 -764.208700 1259.949000 -764.208700
1262.318000 -765.501500 1262.318000 -765.501500
1264.716000 -766.807400 1264.716000 -766.807400
1267.084000 -768.095200 1267.084000 -768.095200
1269.473000 -769.393200 1269.473000 -769.393200
1271.868000 -770.692800 1271.868000 -770.692800
1274.261000 -771.986900 1274.261000 -771.986900
1276.670000 -773.287000 1276.670000 -773.287000
1279.074000 -774.582100 1279.074000 -774.582100
1281.478000 -775.876300 1281.478000 -775.876300
1283.885000 -777.170800 1283.885000 -777.170800
1286.290000 -778.461700 1286.290000 -778.461700
1288.696000 -779.751600 1288.696000 -779.751600
1291.103000 -781.040700 1291.103000 -781.040700
1293.510000 -782.328200 1293.510000 -782.328200
1295.919000 -783.614700 1295.919000 -783.614700
1298.329000 -784.899000 1298.329000 -784.899000
1300.742000 -786.182500 1300.742000 -786.182500
1303.154000 -787.464000 1303.154000 -787.464000
1305.561000 -788.742100 1305.561000 -788.742100
1307.966000 -790.017300 1307.966000 -790.017300
1310.380000 -791.295400 1310.380000 -791.295400
1312.794000 -792.571300 1312.794000 -792.571300
1315.208000 -793.843700 1315.208000 -793.843700
1317.624000 -795.116800 1317.624000 -795.116800
1320.032000 -796.384600 1320.032000 -796.384600
1322.449000 -797.648100 1322.449000 -797.648100
1324.867000 -798.907000 1324.867000 -798.907000
1327.287000 -800.172300 1327.287000 -800.172300
1329.709000 -801.428500 1329.709000 -801.428500
1332.123000 -802.688700 1332.123000 -802.688700
1334.542000 -803.950000 1334.542000 -803.950000
1336.962000 -805.210600 1336.962000 -805.210600
1339.380000 -806.468900 1339.380000 -806.468900
1341.797000 -807.723100 1341.797000 -807.723100
1344.212000 -808.974100 1344.212000 -808.974100
1346.638000 -810.229600 1346.638000 -810.229600
1349.058000 -811.481900 1349.058000 -811.481900
1351.478000 -812.733900 1351.478000 -812.733900
1353.902000 -813.985600 1353.902000 -813.985600
1356.319000 -815.232700 1356.319000 -815.232700
1358.741000 -816.480800 1358.741000 -816.480800
1361.156000 -817.723400 1361.156000 -817.723400
1363.568000 -818.960500 1363.568000 -818.960500
1365.979000 -820.197100 1365.979000 -820.197100
1368.388000 -821.431200 1368.388000 -821.431200
1370.797000 -822.663500 1370.797000 -822.663500
1373.206000 -823.893200 1373.206000 -823.893200
1375.612000 -825.119400 1375.612000 -825.119400
1378.014000 -826.342400 1378.014000 -826.342400
1380.423000 -827.566000 1380.423000 -827.566000
1382.830000 -828.785000 1382.830000 -828.785000
1385.241000 -830.002800 1385.241000 -830.002800
1387.647000 -831.215500 1387.647000 -831.215500
1390.058000 -832.428000 1390.058000 -832.428000
1392.473000 -833.639800 1392.473000 -833.639800
1394.883000 -834.847000 1394.883000 -834.847000
1397.297000 -836.054500 1397.297000 -836.054500
1399.712000 -837.258600 1399.712000 -837.258600
1402.118000 -838.458600 1402.118000 -838.458600
1404.531000 -839.659600 1404.531000 -839.659600
1406.940000 -840.856000 1406.940000 -840.856000
1409.345000 -842.048800 1409.345000 -842.048800
1411.748000 -843.237200 1411.748000 -843.237200
1414.145000 -844.419900 1414.145000 -844.419900
1416.545000 -845.602600 1416.545000 -845.602600
1418.942000 -846.782000 1418.942000 -846.782000
1421.338000 -847.958700 1421.338000 -847.958700
1423.739000 -849.131600 1423.739000 -849.131600
1426.137000 -850.303800 1426.137000 -850.303800
1428.540000 -851.473700 1428.540000 -851.473700
1430.939000 -852.642800 1430.939000 -852.642800
1433.338000 -853.809800 1433.338000 -853.809800
1435.735000 -854.974700 1435.735000 -854.974700
1438.134000 -856.138900 1438.134000 -856.138900
1440.537000 -857.302000 1440.537000 -857.302000
1442.936000 -858.462100 1442.936000 -858.462100
1445.330000 -859.617700 1445.330000 -859.617700
1447.721000 -860.771300 1447.721000 -860.771300
1450.116000 -861.922600 1450.116000 -861.922600
1452.509000 -863.070600 1452.509000 -863.070600
1454.899000 -864.212900 1454.899000 -864.212900
1457.288000 -865.353900 1457.288000 -865.353900
1459.672000 -866.490500 1459.672000 -866.490500
1462.058000 -867.627200 1462.058000 -867.627200
1464.432000 -868.758100 1464.432000 -868.758100
1466.807000 -869.886500 1466.807000 -869.886500
1469.182000 -871.013800 1469.182000 -871.013800
1471.550000 -872.135000 1471.550000 -872.135000
1473.920000 -873.257300 1473.920000 -873.257300
1476.283000 -874.373400 1476.283000 -874.373400
1478.642000 -875.485100 1478.642000 -875.485100
1481.001000 -876.593400 1481.001000 -876.593400
1483.348000 -877.695300 1483.348000 -877.695300
1485.696000 -878.796500 1485.696000 -878.796500
1488.042000 -879.897000 1488.042000 -879.897000
1490.381000 -880.993400 1490.381000 -880.993400
1492.712000 -882.085000 1492.712000 -882.085000
1495.041000 -883.175000 1495.041000 -883.175000
1497.363000 -884.261200 1497.363000 -884.261200
1499.686000 -885.346400 1499.686000 -885.346400
1501.996000 -886.427000 1501.996000 -886.427000
1504.298000 -887.502300 1504.298000 -887.502300
1506.608000 -888.579300 1506.608000 -888.579300
1508.913000 -889.652400 1508.913000 -889.652400
1511.216000 -890.722900 1511.216000 -890.722900
1513.510000 -891.787400 1513.510000 -891.787400
1515.801000 -892.848500 1515.801000 -892.848500
1518.096000 -893.909600 1518.096000 -893.909600
1520.388000 -894.966500 1520.388000 -894.966500
1522.676000 -896.019100 1522.676000 -896.019100
1524.961000 -897.070500 1524.961000 -897.070500
1527.242000 -898.117000 1527.242000 -898.117000
1529.523000 -899.162300 1529.523000 -899.162300
1531.795000 -900.201700 1531.795000 -900.201700
1534.067000 -901.240100 1534.067000 -901.240100
1536.337000 -902.274200 1536.337000 -902.274200
1538.605000 -903.306000 1538.605000 -903.306000
1540.873000 -904.334900 1540.873000 -904.334900
1543.134000 -905.358400 1543.134000 -905.358400
1545.392000 -906.378700 1545.392000 -906.378700
1547.641000 -907.393900 1547.641000 -907.393900
1549.884000 -908.406700 1549.884000 -908.406700
1552.134000 -909.420300 1552.134000 -909.420300
1554.374000 -910.425200 1554.374000 -910.425200
1556.611000 -911.427100 1556.611000 -911.427100
1558.842000 -912.426600 1558.842000 -912.426600
1561.071000 -913.426300 1561.071000 -913.426300
1563.292000 -914.426100 1563.292000 -914.426100
1565.507000 -915.425600 1565.507000 -915.425600
1567.716000 -916.424100 1567.716000 -916.424100
1569.920000 -917.422200 1569.920000 -917.422200
1572.126000 -918.423200 1572.126000 -918.423200
1574.331000 -919.426300 1574.331000 -919.426300
1576.528000 -920.428900 1576.528000 -920.428900
1578.723000 -921.431200 1578.723000 -921.431200
1580.910000 -922.431500 1580.910000 -922.431500
1583.106000 -923.438600 1583.106000 -923.438600
1585.294000 -924.443800 1585.294000 -924.443800
1587.477000 -925.449400 1587.477000 -925.449400
1589.656000 -926.457400 1589.656000 -926.457400
1591.825000 -927.466600 1591.825000 -927.466600
1593.998000 -928.484000 1593.998000 -928.484000
1596.156000 -929.502500 1596.156000 -929.502500
1598.309000 -930.525500 1598.309000 -930.525500
1600.456000 -931.552300 1600.456000 -931.552300
1602.594000 -932.580800 1602.594000 -932.580800
1604.728000 -933.614800 1604.728000 -933.614800
1606.851000 -934.653500 1606.851000 -934.653500
1608.968000 -935.699100 1608.968000 -935.699100
1611.079000 -936.747000 1611.079000 -936.747000
1613.177000 -937.795300 1613.177000 -937.795300
1615.276000 -938.848800 1615.276000 -938.848800
1617.365000 -939.903400 1617.365000 -939.903400
1619.446000 -940.960600 1619.446000 -940.960600
1621.514000 -942.017400 1621.514000 -942.017400
1623.582000 -943.079800 1623.582000 -943.079800
1625.639000 -944.138700 1625.639000 -944.138700
1627.692000 -945.194800 1627.692000 -945.194800
1629.739000 -946.249300 1629.739000 -946.249300
1631.780000 -947.302000 1631.780000 -947.302000
1633.819000 -948.357400 1633.819000 -948.357400
1635.848000 -949.409300 1635.848000 -949.409300
1637.876000 -950.461600 1637.876000 -950.461600
1639.898000 -951.509000 1639.898000 -951.509000
1641.905000 -952.550900 1641.905000 -952.550900
1643.920000 -953.598100 1643.920000 -953.598100
1645.927000 -954.635800 1645.927000 -954.635800
1647.929000 -955.671800 1647.929000 -955.671800
1649.931000 -956.702500 1649.931000 -956.702500
1651.926000 -957.723200 1651.926000 -957.723200
1653.922000 -958.739200 1653.922000 -958.739200
1655.907000 -959.742900 1655.907000 -959.742900
1657.888000 -960.744500 1657.888000 -960.744500
1659.868000 -961.740700 1659.868000 -961.740700
1661.857000 -962.732200 1661.857000 -962.732200
1663.845000 -963.714100 1663.845000 -963.714100
1665.835000 -964.686400 1665.835000 -964.686400
1667.828000 -965.652000 1667.828000 -965.652000
1669.813000 -966.610000 1669.813000 -966.610000
1671.797000 -967.564900 1671.797000 -967.564900
1673.786000 -968.517000 1673.786000 -968.517000
1675.782000 -969.464400 1675.782000 -969.464400
1677.761000 -970.398500 1677.761000 -970.398500
1679.740000 -971.331200 1679.740000 -971.331200
1681.723000 -972.264100 1681.723000 -972.264100
1683.703000 -973.196400 1683.703000 -973.196400
1685.682000 -974.128800 1685.682000 -974.128800
1687.655000 -975.059700 1687.655000 -975.059700
1689.621000 -975.985500 1689.621000 -975.985500
1691.585000 -976.910500 1691.585000 -976.910500
1693.546000 -977.833800 1693.546000 -977.833800
1695.506000 -978.757700 1695.506000 -978.757700
1697.460000 -979.678900 1697.460000 -979.678900
1699.416000 -980.599400 1699.416000 -980.599400
1701.378000 -981.520300 1701.378000 -981.520300
1703.321000 -982.431100 1703.321000 -982.431100
1705.258000 -983.335400 1705.258000 -983.335400
1707.206000 -984.243500 1707.206000 -984.243500
1709.144000 -985.145100 1709.144000 -985.145100
1711.078000 -986.044200 1711.078000 -986.044200
1713.011000 -986.939000 1713.011000 -986.939000
1714.950000 -987.831400 1714.950000 -987.831400
1716.881000 -988.714300 1716.881000 -988.714300
1718.815000 -989.592800 1718.815000 -989.592800
1720.748000 -990.466700 1720.748000 -990.466700
1722.678000 -991.336600 1722.678000 -991.336600
1724.608000 -992.203700 1724.608000 -992.203700
1726.528000 -993.063100 1726.528000 -993.063100
1728.444000 -993.918100 1728.444000 -993.918100
1730.369000 -994.773800 1730.369000 -994.773800
1732.261000 -995.615600 1732.261000 -995.615600
1734.159000 -996.457800 1734.159000 -996.457800
1736.038000 -997.293000 1736.038000 -997.293000
1737.915000 -998.126400 1737.915000 -998.126400
1739.776000 -998.952700 1739.776000 -998.952700
1741.629000 -999.774100 1741.629000 -999.774100
1743.475000 -1000.590000 1743.475000 -1000.590000
1745.308000 -1001.398000 1745.308000 -1001.398000
1747.151000 -1002.199000 1747.151000 -1002.199000
1748.971000 -1002.990000 1748.971000 -1002.990000
1750.784000 -1003.788000 1750.784000 -1003.788000
1752.592000 -1004.589000 1752.592000 -1004.589000
1754.388000 -1005.375000 1754.388000 -1005.375000
1756.187000 -1006.165000 1756.187000 -1006.165000
1757.974000 -1006.957000 1757.974000 -1006.957000
1759.751000 -1007.751000 1759.751000 -1007.751000
1761.513000 -1008.544000 1761.513000 -1008.544000
1763.261000 -1009.335000 1763.261000 -1009.335000
1764.998000 -1010.123000 1764.998000 -1010.123000
1766.720000 -1010.909000 1766.720000 -1010.909000
1768.424000 -1011.690000 1768.424000 -1011.690000
1770.113000 -1012.467000 1770.113000 -1012.467000
1771.786000 -1013.242000 1771.786000 -1013.242000
1773.447000 -1014.014000 1773.447000 -1014.014000
1775.097000 -1014.785000 1775.097000 -1014.785000
1776.731000 -1015.552000 1776.731000 -1015.552000
1778.350000 -1016.316000 1778.350000 -1016.316000
1779.954000 -1017.080000 1779.954000 -1017.080000
1781.539000 -1017.840000 1781.539000 -1017.840000
1783.104000 -1018.596000 1783.104000 -1018.596000
1784.649000 -1019.347000 1784.649000 -1019.347000
1786.178000 -1020.097000 1786.178000 -1020.097000
1787.688000 -1020.850000 1787.688000 -1020.850000
1789.178000 -1021.604000 1789.178000 -1021.604000
1790.644000 -1022.359000 1790.644000 -1022.359000
1792.093000 -1023.119000 1792.093000 -1023.119000
1793.508000 -1023.881000 1793.508000 -1023.881000
1794.918000 -1024.665000 1794.918000 -1024.665000
1796.305000 -1025.467000 1796.305000 -1025.467000
1797.645000 -1026.269000 1797.645000 -1026.269000
1798.986000 -1027.105000 1798.986000 -1027.105000
1800.303000 -1027.957000 1800.303000 -1027.957000
1801.573000 -1028.814000 1801.573000 -1028.814000
1802.849000 -1029.705000 1802.849000 -1029.705000
1804.070000 -1030.593000 1804.070000 -1030.593000
1805.302000 -1031.525000 1805.302000 -1031.525000
1806.512000 -1032.479000 1806.512000 -1032.479000
1807.659000 -1033.436000 1807.659000 -1033.436000
1808.823000 -1034.439000 1808.823000 -1034.439000
1809.965000 -1035.467000 1809.965000 -1035.467000
1811.032000 -1036.486000 1811.032000 -1036.486000
1812.120000 -1037.563000 1812.120000 -1037.563000
1813.127000 -1038.631000 1813.127000 -1038.631000
1814.163000 -1039.764000 1814.163000 -1039.764000
1815.169000 -1040.921000 1815.169000 -1040.921000
1816.083000 -1042.062000 1816.083000 -1042.062000
1817.025000 -1043.266000 1817.025000 -1043.266000
1817.931000 -1044.484000 1817.931000 -1044.484000
1818.744000 -1045.693000 1818.744000 -1045.693000
1819.586000 -1046.959000 1819.586000 -1046.959000
1820.326000 -1048.207000 1820.326000 -1048.207000
1821.100000 -1049.517000 1821.100000 -1049.517000
1821.838000 -1050.848000 1821.838000 -1050.848000
1822.465000 -1052.152000 1822.465000 -1052.152000
1823.124000 -1053.518000 1823.124000 -1053.518000
1823.739000 -1054.897000 1823.739000 -1054.897000
1824.255000 -1056.260000 1824.255000 -1056.260000
1824.795000 -1057.672000 1824.795000 -1057.672000
1825.228000 -1059.056000 1825.228000 -1059.056000
1825.688000 -1060.491000 1825.688000 -1060.491000
1826.105000 -1061.934000 1826.105000 -1061.934000
1826.418000 -1063.357000 1826.418000 -1063.357000
1826.758000 -1064.825000 1826.758000 -1064.825000
1827.054000 -1066.300000 1827.054000 -1066.300000
1827.248000 -1067.744000 1827.248000 -1067.744000
1827.464000 -1069.230000 1827.464000 -1069.230000
1827.640000 -1070.726000 1827.640000 -1070.726000
1827.717000 -1072.185000 1827.717000 -1072.185000
1827.812000 -1073.687000 1827.812000 -1073.687000
1827.812000 -1075.152000 1827.812000 -1075.152000
1827.830000 -1076.658000 1827.830000 -1076.658000
1827.812000 -1078.165000 1827.812000 -1078.165000
1827.696000 -1079.636000 1827.696000 -1079.636000
1827.601000 -1081.139000 1827.601000 -1081.139000
1827.468000 -1082.643000 1827.468000 -1082.643000
1827.234000 -1084.111000 1827.234000 -1084.111000
1827.023000 -1085.615000 1827.023000 -1085.615000
1826.704000 -1087.072000 1826.704000 -1087.072000
1826.410000 -1088.569000 1826.410000 -1088.569000
1826.076000 -1090.056000 1826.076000 -1090.056000
1825.633000 -1091.489000 1825.633000 -1091.489000
1825.214000 -1092.954000 1825.214000 -1092.954000
1824.755000 -1094.410000 1824.755000 -1094.410000
1824.183000 -1095.811000 1824.183000 -1095.811000
1823.643000 -1097.240000 1823.643000 -1097.240000
1823.060000 -1098.648000 1823.060000 -1098.648000
1822.357000 -1099.995000 1822.357000 -1099.995000
1821.684000 -1101.364000 1821.684000 -1101.364000
1820.889000 -1102.660000 1820.889000 -1102.660000
1820.139000 -1103.994000 1820.139000 -1103.994000
1819.352000 -1105.305000 1819.352000 -1105.305000
1818.450000 -1106.542000 1818.450000 -1106.542000
1817.589000 -1107.799000 1817.589000 -1107.799000
1816.694000 -1109.029000 1816.694000 -1109.029000
1815.685000 -1110.182000 1815.685000 -1110.182000
1814.723000 -1111.351000 1814.723000 -1111.351000
1813.646000 -1112.443000 1813.646000 -1112.443000
1812.614000 -1113.551000 1812.614000 -1113.551000
1811.551000 -1114.626000 1811.551000 -1114.626000
1810.378000 -1115.622000 1810.378000 -1115.622000
1809.249000 -1116.631000 1809.249000 -1116.631000
1808.088000 -1117.606000 1808.088000 -1117.606000
1806.825000 -1118.505000 1806.825000 -1118.505000
1805.603000 -1119.412000 1805.603000 -1119.412000
1804.284000 -1120.246000 1804.284000 -1120.246000
1803.008000 -1121.087000 1803.008000 -1121.087000
1801.706000 -1121.892000 1801.706000 -1121.892000
1800.315000 -1122.623000 1800.315000 -1122.623000
1798.960000 -1123.358000 1798.960000 -1123.358000
1797.579000 -1124.058000 1797.579000 -1124.058000
1796.124000 -1124.692000 1796.124000 -1124.692000
1794.701000 -1125.325000 1794.701000 -1125.325000
1793.253000 -1125.928000 1793.253000 -1125.928000
1791.742000 -1126.471000 1791.742000 -1126.471000
1790.258000 -1127.004000 1790.258000 -1127.004000
1788.716000 -1127.485000 1788.716000 -1127.485000
1787.194000 -1127.955000 1787.194000 -1127.955000
1785.654000 -1128.395000 1785.654000 -1128.395000
1784.075000 -1128.793000 1784.075000 -1128.793000
1782.506000 -1129.180000 1782.506000 -1129.180000
1780.922000 -1129.541000 1780.922000 -1129.541000
1779.311000 -1129.873000 1779.311000 -1129.873000
1777.702000 -1130.193000 1777.702000 -1130.193000
1776.082000 -1130.494000 1776.082000 -1130.494000
1774.439000 -1130.771000 1774.439000 -1130.771000
1772.797000 -1131.038000 1772.797000 -1131.038000
1771.135000 -1131.284000 1771.135000 -1131.284000
1769.479000 -1131.517000 1769.479000 -1131.517000
1767.796000 -1131.740000 1767.796000 -1131.740000
1766.113000 -1131.949000 1766.113000 -1131.949000
1764.428000 -1132.152000 1764.428000 -1132.152000
1762.736000 -1132.348000 1762.736000 -1132.348000
1761.046000 -1132.534000 1761.046000 -1132.534000
1759.353000 -1132.713000 1759.353000 -1132.713000
1757.655000 -1132.885000 1757.655000 -1132.885000
1755.959000 -1133.051000 1755.959000 -1133.051000
1754.261000 -1133.210000 1754.261000 -1133.210000
1752.565000 -1133.366000 1752.565000 -1133.366000
1750.863000 -1133.519000 1750.863000 -1133.519000
1749.163000 -1133.669000 1749.163000 -1133.669000
1747.458000 -1133.818000 1747.458000 -1133.818000
1745.755000 -1133.964000 1745.755000 -1133.964000
1744.051000 -1134.108000 1744.051000 -1134.108000
1742.342000 -1134.251000 1742.342000 -1134.251000
1740.635000 -1134.391000 1740.635000 -1134.391000
1738.929000 -1134.530000 1738.929000 -1134.530000
1737.220000 -1134.667000 1737.220000 -1134.667000
1735.516000 -1134.802000 1735.516000 -1134.802000
1733.810000 -1134.934000 1733.810000 -1134.934000
1732.115000 -1135.064000 1732.115000 -1135.064000
1730.426000 -1135.192000 1730.426000 -1135.192000
1728.748000 -1135.319000 1728.748000 -1135.319000
1727.075000 -1135.441000 1727.075000 -1135.441000
1725.404000 -1135.561000 1725.404000 -1135.561000
1723.740000 -1135.676000 1723.740000 -1135.676000
1722.082000 -1135.788000 1722.082000 -1135.788000
1720.432000 -1135.894000 1720.432000 -1135.894000
1718.787000 -1135.995000 1718.787000 -1135.995000
1717.161000 -1136.086000 1717.161000 -1136.086000
1715.535000 -1136.161000 1715.535000 -1136.161000
1713.931000 -1136.225000 1713.931000 -1136.225000
1712.341000 -1136.271000 1712.341000 -1136.271000
1710.746000 -1136.295000 1710.746000 -1136.295000
1709.184000 -1136.308000 1709.184000 -1136.308000
1707.613000 -1136.285000 1707.613000 -1136.285000
1706.078000 -1136.253000 1706.078000 -1136.253000
1704.565000 -1136.194000 1704.565000 -1136.194000
1703.031000 -1136.085000 1703.031000 -1136.085000
1701.548000 -1135.967000 1701.548000 -1135.967000
1700.082000 -1135.821000 1700.082000 -1135.821000
1698.586000 -1135.613000 1698.586000 -1135.613000
1697.155000 -1135.401000 1697.155000 -1135.401000
1695.669000 -1135.102000 1695.669000 -1135.102000
1694.241000 -1134.791000 1694.241000 -1134.791000
1692.835000 -1134.472000 1692.835000 -1134.472000
1691.371000 -1134.067000 1691.371000 -1134.067000
1689.991000 -1133.671000 1689.991000 -1133.671000
1688.621000 -1133.232000 1688.621000 -1133.232000
1687.197000 -1132.693000 1687.197000 -1132.693000
1685.870000 -1132.171000 1685.870000 -1132.171000
1684.476000 -1131.541000 1684.476000 -1131.541000
1683.200000 -1130.935000 1683.200000 -1130.935000
1681.961000 -1130.284000 1681.961000 -1130.284000
1680.643000 -1129.520000 1680.643000 -1129.520000
1679.457000 -1128.777000 1679.457000 -1128.777000
1678.306000 -1127.996000 1678.306000 -1127.996000
1677.079000 -1127.102000 1677.079000 -1127.102000
1675.989000 -1126.240000 1675.989000 -1126.240000
1674.826000 -1125.267000 1674.826000 -1125.267000
1673.811000 -1124.329000 1673.811000 -1124.329000
1672.831000 -1123.355000 1672.831000 -1123.355000
1671.787000 -1122.274000 1671.787000 -1122.274000
1670.884000 -1121.227000 1670.884000 -1121.227000
1670.025000 -1120.149000 1670.025000 -1120.149000
1669.099000 -1118.972000 1669.099000 -1118.972000
1668.319000 -1117.831000 1668.319000 -1117.831000
1667.481000 -1116.599000 1667.481000 -1116.599000
1666.783000 -1115.408000 1666.783000 -1115.408000
1666.116000 -1114.183000 1666.116000 -1114.183000
1665.409000 -1112.881000 1665.409000 -1112.881000
1664.817000 -1111.609000 1664.817000 -1111.609000
1664.267000 -1110.320000 1664.267000 -1110.320000
1663.679000 -1108.960000 1663.679000 -1108.960000
1663.209000 -1107.637000 1663.209000 -1107.637000
1662.781000 -1106.297000 1662.781000 -1106.297000
1662.301000 -1104.878000 1662.301000 -1104.878000
1661.958000 -1103.507000 1661.958000 -1103.507000
1661.562000 -1102.062000 1661.562000 -1102.062000
1661.319000 -1100.685000 1661.319000 -1100.685000
1661.115000 -1099.284000 1661.115000 -1099.284000
1660.875000 -1097.802000 1660.875000 -1097.802000
1660.772000 -1096.370000 1660.772000 -1096.370000
1660.724000 -1094.939000 1660.724000 -1094.939000
1660.624000 -1093.444000 1660.624000 -1093.444000
1660.666000 -1092.014000 1660.666000 -1092.014000
1660.665000 -1090.516000 1660.665000 -1090.516000
1660.808000 -1089.081000 1660.808000 -1089.081000
1660.998000 -1087.649000 1660.998000 -1087.649000
1661.140000 -1086.159000 1661.140000 -1086.159000
1661.423000 -1084.736000 1661.423000 -1084.736000
1661.752000 -1083.312000 1661.752000 -1083.312000
1662.049000 -1081.841000 1662.049000 -1081.841000
1662.469000 -1080.424000 1662.469000 -1080.424000
1662.869000 -1078.968000 1662.869000 -1078.968000
1663.374000 -1077.556000 1663.374000 -1077.556000
1663.914000 -1076.148000 1663.914000 -1076.148000
1664.445000 -1074.719000 1664.445000 -1074.719000
1665.055000 -1073.325000 1665.055000 -1073.325000
1665.691000 -1071.933000 1665.691000 -1071.933000
1666.334000 -1070.534000 1666.334000 -1070.534000
1667.040000 -1069.131000 1667.040000 -1069.131000
1667.748000 -1067.757000 1667.748000 -1067.757000
1668.471000 -1066.365000 1668.471000 -1066.365000
1669.233000 -1064.989000 1669.233000 -1064.989000
1670.011000 -1063.611000 1670.011000 -1063.611000
1670.820000 -1062.227000 1670.820000 -1062.227000
1671.640000 -1060.840000 1671.640000 -1060.840000
1672.455000 -1059.464000 1672.455000 -1059.464000
1673.289000 -1058.082000 1673.289000 -1058.082000
1674.135000 -1056.683000 1674.135000 -1056.683000
1674.989000 -1055.278000 1674.989000 -1055.278000
1675.853000 -1053.860000 1675.853000 -1053.860000
1676.716000 -1052.451000 1676.716000 -1052.451000
1677.591000 -1051.033000 1677.591000 -1051.033000
1678.473000 -1049.604000 1678.473000 -1049.604000
1679.381000 -1048.145000 1679.381000 -1048.145000
1680.259000 -1046.739000 1680.259000 -1046.739000
1681.167000 -1045.291000 1681.167000 -1045.291000
