-0.000000 0.000000 -0.000000 0.000000
-0.011011 0.961713 -0.011011 0.961713
-0.016995 1.924885 -0.016995 1.924885
-0.031067 2.888054 -0.031067 2.888054
-0.044627 3.848312 -0.044627 3.848312
-0.053372 4.806551 -0.053372 4.806551
-0.064585 5.738958 -0.064585 5.738958
-0.075428 6.676395 -0.075428 6.676395
-0.089364 7.606157 -0.089364 7.606157
-0.101303 8.535486 -0.101303 8.535486
-0.114132 9.465868 -0.114132 9.465868
-0.127557 10.388920 -0.127557 10.388920
-0.142195 11.339520 -0.142195 11.339520
-0.154881 12.223450 -0.154881 12.223450
-0.169312 13.133250 -0.169312 13.133250
-0.184906 14.041360 -0.184906 14.041360
-0.199285 14.945520 -0.199285 14.945520
-0.216948 15.846270 -0.216948 15.846270
-0.236713 16.743090 -0.236713 16.743090
-0.254852 17.634840 -0.254852 17.634840
-0.273078 18.526840 -0.273078 18.526840
-0.293743 19.414190 -0.293743 19.414190
-0.314603 20.294780 -0.314603 20.294780
-0.333567 21.168900 -0.333567 21.168900
-0.351775 22.037930 -0.351775 22.037930
-0.372549 22.900890 -0.372549 22.900890
-0.393368 23.757730 -0.393368 23.757730
-0.412104 24.615430 -0.412104 24.615430
-0.428033 25.442180 -0.428033 25.442180
-0.447402 26.266210 -0.447402 26.266210
-0.469077 27.080370 -0.469077 27.080370
-0.491623 27.876970 -0.491623 27.876970
-0.514723 28.669570 -0.514723 28.669570
-0.537729 29.454710 -0.537729 29.454710
-0.561050 30.226650 -0.561050 30.226650
-0.583710 30.993250 -0.583710 30.993250
-0.609883 31.753310 -0.609883 31.753310
-0.637347 32.497450 -0.637347 32.497450
-0.669497 33.234900 -0.669497 33.234900
-0.707028 33.962280 -0.707028 33.962280
-0.747597 34.703530 -0.747597 34.703530
-0.786123 35.393170 -0.786123 35.393170
-0.822501 36.085730 -0.822501 36.085730
-0.857974 36.773380 -0.857974 36.773380
-0.897984 37.449210 -0.897984 37.449210
-0.935694 38.111240 -0.935694 38.111240
-0.966244 38.763550 -0.966244 38.763550
-0.994069 39.400630 -0.994069 39.400630
-1.022967 40.037480 -1.022967 40.037480
-1.054571 40.686830 -1.054571 40.686830
-1.082779 41.292110 -1.082779 41.292110
-1.107347 41.890890 -1.107347 41.890890
-1.127463 42.475690 -1.127463 42.475690
-1.143225 43.044250 -1.143225 43.044250
-1.156523 43.592390 -1.156523 43.592390
-1.163695 44.119470 -1.163695 44.119470
-1.165311 44.627050 -1.165311 44.627050
-1.165281 45.110470 -1.165281 45.110470
-1.162119 45.574470 -1.162119 45.574470
-1.153911 46.013950 -1.153911 46.013950
-1.139704 46.435620 -1.139704 46.435620
-1.119110 46.832670 -1.119110 46.832670
-1.098158 47.204560 -1.098158 47.204560
-1.077742 47.567320 -1.077742 47.567320
-1.059487 47.878400 -1.059487 47.878400
-1.036133 48.176640 -1.036133 48.176640
-1.006263 48.450880 -1.006263 48.450880
-0.973096 48.716560 -0.973096 48.716560
-0.936956 48.975590 -0.936956 48.975590
-0.897746 49.232390 -0.897746 49.232390
-0.856742 49.487080 -0.856742 49.487080
-0.808431 49.749700 -0.808431 49.749700
-0.757712 49.986150 -0.757712 49.986150
-0.697158 50.230580 -0.697158 50.230580
-0.629655 50.477330 -0.629655 50.477330
-0.562625 50.707270 -0.562625 50.707270
-0.488921 50.945300 -0.488921 50.945300
-0.407494 51.181490 -0.407494 51.181490
-0.317219 51.420200 -0.317219 51.420200
-0.221245 51.659300 -0.221245 51.659300
-0.114714 51.900750 -0.114714 51.900750
0.000274 52.129820 0.000274 52.129820
0.130953 52.355950 0.130953 52.355950
0.276032 52.580450 0.276032 52.580450
0.427978 52.800310 0.427978 52.800310
0.590791 53.019010 0.590791 53.019010
0.770108 53.244110 0.770108 53.244110
0.965237 53.472800 0.965237 53.472800
1.172293 53.694770 1.172293 53.694770
1.401712 53.926800 1.401712 53.926800
1.658262 54.153430 1.658262 54.153430
1.946080 54.368950 1.946080 54.368950
2.269729 54.585190 2.269729 54.585190
2.612681 54.789880 2.612681 54.789880
2.973763 54.983830 2.973763 54.983830
3.359263 55.169570 3.359263 55.169570
3.766145 55.335410 3.766145 55.335410
4.198361 55.483960 4.198361 55.483960
4.641416 55.618450 4.641416 55.618450
5.103719 55.721430 5.103719 55.721430
5.585536 55.802270 5.585536 55.802270
6.088519 55.856170 6.088519 55.856170
6.612372 55.902800 6.612372 55.902800
7.126377 55.937900 7.126377 55.937900
7.658631 55.954130 7.658631 55.954130
8.209580 55.971350 8.209580 55.971350
8.774944 55.977510 8.774944 55.977510
9.351661 55.983230 9.351661 55.983230
9.933246 55.981820 9.933246 55.981820
10.537670 55.979840 10.537670 55.979840
11.137540 55.979000 11.137540 55.979000
11.755010 55.963040 11.755010 55.963040
12.382760 55.929540 12.382760 55.929540
13.020270 55.903040 13.020270 55.903040
13.673080 55.883300 13.673080 55.883300
14.333570 55.858520 14.333570 55.858520
15.013210 55.821490 15.013210 55.821490
15.697980 55.779010 15.697980 55.779010
16.387180 55.740740 16.387180 55.740740
17.082520 55.703180 17.082520 55.703180
17.784720 55.672100 17.784720 55.672100
18.504680 55.643000 18.504680 55.643000
19.241550 55.615030 19.241550 55.615030
19.978240 55.590270 19.978240 55.590270
20.712810 55.569040 20.712810 55.569040
21.438500 55.536880 21.438500 55.536880
22.167140 55.510110 22.167140 55.510110
22.903320 55.505370 22.903320 55.505370
23.632160 55.501640 23.632160 55.501640
24.373310 55.484540 24.373310 55.484540
25.111640 55.463620 25.111640 55.463620
25.835050 55.461810 25.835050 55.461810
26.568060 55.472620 26.568060 55.472620
27.304920 55.489630 27.304920 55.489630
28.044130 55.497680 28.044130 55.497680
28.777650 55.510270 28.777650 55.510270
29.512320 55.522320 29.512320 55.522320
30.246300 55.536200 30.246300 55.536200
30.985590 55.548590 30.985590 55.548590
31.726300 55.561880 31.726300 55.561880
32.464950 55.584660 32.464950 55.584660
33.207400 55.613480 33.207400 55.613480
33.951010 55.639750 33.951010 55.639750
34.698410 55.673160 34.698410 55.673160
35.442520 55.709300 35.442520 55.709300
36.197850 55.748550 36.197850 55.748550
36.950930 55.787040 36.950930 55.787040
37.704740 55.826600 37.704740 55.826600
38.465750 55.868550 38.465750 55.868550
39.230070 55.921070 39.230070 55.921070
40.002200 55.976310 40.002200 55.976310
40.778300 56.024940 40.778300 56.024940
41.555500 56.077880 41.555500 56.077880
42.339510 56.141300 42.339510 56.141300
43.130310 56.203330 43.130310 56.203330
43.937950 56.269720 43.937950 56.269720
44.713720 56.343910 44.713720 56.343910
45.504400 56.422970 45.504400 56.422970
46.307560 56.508100 46.307560 56.508100
47.122240 56.605330 47.122240 56.605330
47.914110 56.706630 47.914110 56.706630
48.726870 56.811920 48.726870 56.811920
49.540680 56.921620 49.540680 56.921620
50.356820 57.040970 50.356820 57.040970
51.167880 57.167870 51.167880 57.167870
51.989070 57.297260 51.989070 57.297260
52.773790 57.424900 52.773790 57.424900
53.561530 57.560330 53.561530 57.560330
54.343180 57.698510 54.343180 57.698510
55.104390 57.837520 55.104390 57.837520
55.870530 57.979500 55.870530 57.979500
56.645460 58.120330 56.645460 58.120330
57.389110 58.262510 57.389110 58.262510
58.136680 58.413570 58.136680 58.413570
58.876010 58.567270 58.876010 58.567270
59.599610 58.716110 59.599610 58.716110
60.312450 58.866090 60.312450 58.866090
61.013190 59.021080 61.013190 59.021080
61.704360 59.172380 61.704360 59.172380
62.381990 59.320910 62.381990 59.320910
63.055930 59.468430 63.055930 59.468430
63.722310 59.616890 63.722310 59.616890
64.381600 59.760190 64.381600 59.760190
65.032810 59.902180 65.032810 59.902180
65.671750 60.035220 65.671750 60.035220
66.300990 60.167650 66.300990 60.167650
66.922080 60.298360 66.922080 60.298360
67.545730 60.432240 67.545730 60.432240
68.120180 60.554360 68.120180 60.554360
68.724720 60.677920 68.724720 60.677920
69.303070 60.803090 69.303070 60.803090
69.882880 60.919280 69.882880 60.919280
70.449950 61.033000 70.449950 61.033000
71.000660 61.140390 71.000660 61.140390
71.545380 61.243820 71.545380 61.243820
72.086540 61.346730 72.086540 61.346730
72.622870 61.450780 72.622870 61.450780
73.158140 61.554510 73.158140 61.554510
73.701140 61.657010 73.701140 61.657010
74.242670 61.749500 74.242670 61.749500
74.787590 61.841780 74.787590 61.841780
75.335240 61.944750 75.335240 61.944750
75.886740 62.058210 75.886740 62.058210
76.434470 62.171210 76.434470 62.171210
76.992600 62.291350 76.992600 62.291350
77.568430 62.423940 77.568430 62.423940
78.128680 62.553050 78.128680 62.553050
78.692590 62.691950 78.692590 62.691950
79.285020 62.845800 79.285020 62.845800
79.850860 63.005020 79.850860 63.005020
80.453400 63.179850 80.453400 63.179850
81.048370 63.356840 81.048370 63.356840
81.654680 63.541110 81.654680 63.541110
82.265790 63.740490 82.265790 63.740490
82.895090 63.948080 82.895090 63.948080
83.534760 64.166800 83.534760 64.166800
84.194030 64.399810 84.194030 64.399810
84.861390 64.637350 84.861390 64.637350
85.538760 64.888140 85.538760 64.888140
86.224450 65.153770 86.224450 65.153770
86.927460 65.428400 86.927460 65.428400
87.631650 65.703330 87.631650 65.703330
88.357870 65.993410 88.357870 65.993410
89.076920 66.288970 89.076920 66.288970
89.792440 66.599440 89.792440 66.599440
90.502450 66.907090 90.502450 66.907090
91.218100 67.228680 91.218100 67.228680
91.921830 67.559320 91.921830 67.559320
92.609040 67.903710 92.609040 67.903710
93.288870 68.247480 93.288870 68.247480
93.961300 68.580830 93.961300 68.580830
94.633120 68.920130 94.633120 68.920130
95.275460 69.248200 95.275460 69.248200
95.927490 69.582400 95.927490 69.582400
96.583420 69.912990 96.583420 69.912990
97.206470 70.236130 97.206470 70.236130
97.845610 70.569750 97.845610 70.569750
98.435050 70.883890 98.435050 70.883890
99.033090 71.197930 99.033090 71.197930
99.627900 71.508880 99.627900 71.508880
100.212200 71.816210 100.212200 71.816210
100.786900 72.125490 100.786900 72.125490
101.353000 72.432650 101.353000 72.432650
101.905500 72.735820 101.905500 72.735820
102.444700 73.032360 102.444700 73.032360
102.983000 73.328490 102.983000 73.328490
103.511500 73.620900 103.511500 73.620900
104.036100 73.909810 104.036100 73.909810
104.550500 74.195880 104.550500 74.195880
105.060100 74.482340 105.060100 74.482340
105.564000 74.766260 105.564000 74.766260
106.064100 75.054030 106.064100 75.054030
106.565000 75.343110 106.565000 75.343110
107.059500 75.634210 107.059500 75.634210
107.540300 75.925690 107.540300 75.925690
108.028900 76.228830 108.028900 76.228830
108.507900 76.532310 108.507900 76.532310
108.993800 76.840800 108.993800 76.840800
109.484600 77.160920 109.484600 77.160920
109.985600 77.489940 109.985600 77.489940
110.496400 77.824510 110.496400 77.824510
111.012500 78.171090 111.012500 78.171090
111.536700 78.519650 111.536700 78.519650
112.055700 78.876130 112.055700 78.876130
112.582900 79.246780 112.582900 79.246780
113.116100 79.627660 113.116100 79.627660
113.668600 80.018880 113.668600 80.018880
114.228600 80.425890 114.228600 80.425890
114.793300 80.848710 114.793300 80.848710
115.367100 81.284510 115.367100 81.284510
115.947600 81.729260 115.947600 81.729260
116.530100 82.188910 116.530100 82.188910
117.109100 82.663970 117.109100 82.663970
117.700100 83.151090 117.700100 83.151090
118.298600 83.652360 118.298600 83.652360
118.907100 84.164170 118.907100 84.164170
119.523000 84.685210 119.523000 84.685210
120.163600 85.223860 120.163600 85.223860
120.781200 85.743760 120.781200 85.743760
121.433400 86.292660 121.433400 86.292660
122.084900 86.851650 122.084900 86.851650
122.730000 87.405000 122.730000 87.405000
123.377700 87.978210 123.377700 87.978210
124.020300 88.554840 124.020300 88.554840
124.676800 89.160470 124.676800 89.160470
125.311100 89.753620 125.311100 89.753620
125.963600 90.359930 125.963600 90.359930
126.619000 90.976760 126.619000 90.976760
127.275600 91.596860 127.275600 91.596860
127.927100 92.218180 127.927100 92.218180
128.581500 92.840780 128.581500 92.840780
129.224500 93.463900 129.224500 93.463900
129.878800 94.106380 129.878800 94.106380
130.506500 94.744260 130.506500 94.744260
131.149100 95.403230 131.149100 95.403230
131.791600 96.070420 131.791600 96.070420
132.427200 96.742000 132.427200 96.742000
133.059000 97.419260 133.059000 97.419260
133.684700 98.104390 133.684700 98.104390
134.319100 98.796310 134.319100 98.796310
134.953900 99.488560 134.953900 99.488560
135.601100 100.196300 135.601100 100.196300
136.221500 100.879300 136.221500 100.879300
136.852800 101.578900 136.852800 101.578900
137.484300 102.280300 137.484300 102.280300
138.120700 102.985200 138.120700 102.985200
138.768400 103.700800 138.768400 103.700800
139.390400 104.382700 139.390400 104.382700
140.021300 105.072700 140.021300 105.072700
140.668600 105.771500 140.668600 105.771500
141.309600 106.457000 141.309600 106.457000
141.947200 107.133400 141.947200 107.133400
142.593300 107.805600 142.593300 107.805600
143.229500 108.464800 143.229500 108.464800
143.858900 109.124400 143.858900 109.124400
144.499400 109.783900 144.499400 109.783900
145.153800 110.449200 145.153800 110.449200
145.789900 111.095700 145.789900 111.095700
146.448400 111.754000 146.448400 111.754000
147.082600 112.378200 147.082600 112.378200
147.733300 113.007600 147.733300 113.007600
148.396300 113.639400 148.396300 113.639400
149.052200 114.250300 149.052200 114.250300
149.707300 114.842700 149.707300 114.842700
150.376300 115.438400 150.376300 115.438400
151.047600 116.037200 151.047600 116.037200
151.727200 116.634200 151.727200 116.634200
152.404100 117.222400 152.404100 117.222400
153.086000 117.815800 153.086000 117.815800
153.773900 118.399200 153.773900 118.399200
154.478600 118.989300 154.478600 118.989300
155.189000 119.566200 155.189000 119.566200
155.912700 120.152000 155.912700 120.152000
156.645400 120.724500 156.645400 120.724500
157.383800 121.298300 157.383800 121.298300
158.133800 121.868100 158.133800 121.868100
158.905800 122.432200 158.905800 122.432200
159.646000 122.971600 159.646000 122.971600
160.400800 123.509400 160.400800 123.509400
161.194700 124.063600 161.194700 124.063600
161.963800 124.582800 161.963800 124.582800
162.729100 125.090900 162.729100 125.090900
163.498700 125.601900 163.498700 125.601900
164.269800 126.113800 164.269800 126.113800
165.041700 126.604200 165.041700 126.604200
165.800800 127.092000 165.800800 127.092000
166.553100 127.577000 166.553100 127.577000
167.291500 128.052400 167.291500 128.052400
168.046900 128.527100 168.046900 128.527100
168.764000 128.979200 168.764000 128.979200
169.476400 129.428900 169.476400 129.428900
170.193100 129.881700 170.193100 129.881700
170.912100 130.321500 170.912100 130.321500
171.621300 130.752500 171.621300 130.752500
172.320500 131.175000 172.320500 131.175000
173.010100 131.593100 173.010100 131.593100
173.686100 132.007300 173.686100 132.007300
174.354500 132.418200 174.354500 132.418200
175.035000 132.827000 175.035000 132.827000
175.689700 133.218400 175.689700 133.218400
176.353200 133.630800 176.353200 133.630800
177.007200 134.030300 177.007200 134.030300
177.652000 134.412100 177.652000 134.412100
178.293700 134.777800 178.293700 134.777800
178.931400 135.140400 178.931400 135.140400
179.557300 135.504800 179.557300 135.504800
180.174800 135.863800 180.174800 135.863800
180.779500 136.216600 180.779500 136.216600
181.391300 136.557600 181.391300 136.557600
181.990300 136.890800 181.990300 136.890800
182.581200 137.213800 182.581200 137.213800
183.166500 137.532600 183.166500 137.532600
183.746700 137.844100 183.746700 137.844100
184.328300 138.149600 184.328300 138.149600
184.910400 138.450000 184.910400 138.450000
185.502900 138.752600 185.502900 138.752600
186.096700 139.056200 186.096700 139.056200
186.702300 139.356400 186.702300 139.356400
187.316700 139.650000 187.316700 139.650000
187.939000 139.942000 187.939000 139.942000
188.564000 140.235400 188.564000 140.235400
189.197800 140.526600 189.197800 140.526600
189.839900 140.815500 189.839900 140.815500
190.496500 141.098100 190.496500 141.098100
191.166700 141.381000 191.166700 141.381000
191.845500 141.654400 191.845500 141.654400
192.539400 141.928700 192.539400 141.928700
193.245000 142.204500 193.245000 142.204500
193.962700 142.480800 193.962700 142.480800
194.696300 142.754300 194.696300 142.754300
195.460000 143.026300 195.460000 143.026300
196.213800 143.293700 196.213800 143.293700
196.985900 143.567500 196.985900 143.567500
197.772100 143.833600 197.772100 143.833600
198.559200 144.096700 198.559200 144.096700
199.338600 144.350000 199.338600 144.350000
200.145100 144.607400 200.145100 144.607400
200.975100 144.867900 200.975100 144.867900
201.824400 145.129700 201.824400 145.129700
202.692400 145.397600 202.692400 145.397600
203.531600 145.654400 203.531600 145.654400
204.367300 145.908000 204.367300 145.908000
205.249500 146.171900 205.249500 146.171900
206.104800 146.422800 206.104800 146.422800
206.981900 146.677600 206.981900 146.677600
207.860900 146.926000 207.860900 146.926000
208.747100 147.170800 208.747100 147.170800
209.644000 147.406800 209.644000 147.406800
210.549200 147.643600 210.549200 147.643600
211.462000 147.880700 211.462000 147.880700
212.381100 148.114800 212.381100 148.114800
213.300400 148.348200 213.300400 148.348200
214.227200 148.582900 214.227200 148.582900
215.156800 148.814500 215.156800 148.814500
216.084100 149.048900 216.084100 149.048900
217.009300 149.277800 217.009300 149.277800
217.934300 149.504400 217.934300 149.504400
218.860300 149.726200 218.860300 149.726200
219.793700 149.949900 219.793700 149.949900
220.719700 150.165600 220.719700 150.165600
221.644800 150.382100 221.644800 150.382100
222.574200 150.600400 222.574200 150.600400
223.507500 150.814400 223.507500 150.814400
224.412100 151.021800 224.412100 151.021800
225.327700 151.231700 225.327700 151.231700
226.273100 151.446400 226.273100 151.446400
227.167600 151.643200 227.167600 151.643200
228.103800 151.845000 228.103800 151.845000
229.005600 152.038200 229.005600 152.038200
229.918900 152.230300 229.918900 152.230300
230.837800 152.418100 230.837800 152.418100
231.758700 152.603200 231.758700 152.603200
232.689500 152.785800 232.689500 152.785800
233.615500 152.964600 233.615500 152.964600
234.530500 153.140100 234.530500 153.140100
235.449300 153.313200 235.449300 153.313200
236.378700 153.478000 236.378700 153.478000
237.289700 153.641800 237.289700 153.641800
238.199800 153.803200 238.199800 153.803200
239.105400 153.959000 239.105400 153.959000
240.019100 154.110000 240.019100 154.110000
240.934200 154.256400 240.934200 154.256400
241.850000 154.398200 241.850000 154.398200
242.762800 154.535400 242.762800 154.535400
243.668800 154.668400 243.668800 154.668400
244.575700 154.797900 244.575700 154.797900
245.474300 154.923600 245.474300 154.923600
246.368400 155.041200 246.368400 155.041200
247.273300 155.144600 247.273300 155.144600
248.173900 155.252400 248.173900 155.252400
249.069800 155.358200 249.069800 155.358200
249.954900 155.452700 249.954900 155.452700
250.834500 155.542500 250.834500 155.542500
251.725900 155.632800 251.725900 155.632800
252.620900 155.721500 252.620900 155.721500
253.513600 155.805700 253.513600 155.805700
254.402400 155.881300 254.402400 155.881300
255.282100 155.955800 255.282100 155.955800
256.162100 156.025500 256.162100 156.025500
257.042800 156.089700 257.042800 156.089700
257.919900 156.145100 257.919900 156.145100
258.790700 156.185400 258.790700 156.185400
259.660100 156.224000 259.660100 156.224000
260.527000 156.258000 260.527000 156.258000
261.398900 156.288300 261.398900 156.288300
262.271700 156.315800 262.271700 156.315800
263.140300 156.332400 263.140300 156.332400
264.006000 156.345100 264.006000 156.345100
264.865700 156.356900 264.865700 156.356900
265.729500 156.361600 265.729500 156.361600
266.594500 156.359900 266.594500 156.359900
267.459400 156.359600 267.459400 156.359600
268.320600 156.353100 268.320600 156.353100
269.182600 156.349100 269.182600 156.349100
270.039500 156.343700 270.039500 156.343700
270.893400 156.340900 270.893400 156.340900
271.743900 156.334000 271.743900 156.334000
272.588200 156.330000 272.588200 156.330000
273.436700 156.328300 273.436700 156.328300
274.240600 156.327600 274.240600 156.327600
275.056200 156.330100 275.056200 156.330100
275.861600 156.336100 275.861600 156.336100
276.665600 156.345500 276.665600 156.345500
277.448400 156.359600 277.448400 156.359600
278.223800 156.377800 278.223800 156.377800
278.986200 156.402900 278.986200 156.402900
279.738200 156.429500 279.738200 156.429500
280.480600 156.455000 280.480600 156.455000
281.220200 156.484800 281.220200 156.484800
281.938200 156.520200 281.938200 156.520200
282.651500 156.560000 282.651500 156.560000
283.338300 156.593700 283.338300 156.593700
284.012100 156.634000 284.012100 156.634000
284.675300 156.676100 284.675300 156.676100
285.327600 156.716600 285.327600 156.716600
285.967000 156.761600 285.967000 156.761600
286.593700 156.806900 286.593700 156.806900
287.209200 156.852300 287.209200 156.852300
287.810800 156.898300 287.810800 156.898300
288.410600 156.943100 288.410600 156.943100
288.974600 156.991800 288.974600 156.991800
289.549300 157.041600 289.549300 157.041600
290.109900 157.088600 290.109900 157.088600
290.660400 157.134200 290.660400 157.134200
291.199000 157.180400 291.199000 157.180400
291.728100 157.228800 291.728100 157.228800
292.248800 157.277200 292.248800 157.277200
292.759600 157.324200 292.759600 157.324200
293.258700 157.372200 293.258700 157.372200
293.752700 157.421300 293.752700 157.421300
294.237400 157.467800 294.237400 157.467800
294.724600 157.517400 294.724600 157.517400
295.209600 157.567000 295.209600 157.567000
295.702000 157.617000 295.702000 157.617000
296.199300 157.668900 296.199300 157.668900
296.701300 157.719700 296.701300 157.719700
297.209000 157.765400 297.209000 157.765400
297.719900 157.809100 297.719900 157.809100
298.240300 157.847700 298.240300 157.847700
298.767900 157.889400 298.767900 157.889400
299.311400 157.936400 299.311400 157.936400
299.866400 157.980100 299.866400 157.980100
300.432800 158.016900 300.432800 158.016900
301.013300 158.046800 301.013300 158.046800
301.598800 158.088200 301.598800 158.088200
302.189300 158.141600 302.189300 158.141600
302.789600 158.193000 302.789600 158.193000
303.409500 158.231400 303.409500 158.231400
304.038500 158.267800 304.038500 158.267800
304.681100 158.309600 304.681100 158.309600
305.332800 158.358800 305.332800 158.358800
305.995200 158.405700 305.995200 158.405700
306.666100 158.446700 306.666100 158.446700
307.349100 158.483800 307.349100 158.483800
308.048700 158.531900 308.048700 158.531900
308.747600 158.580200 308.747600 158.580200
309.456900 158.624400 309.456900 158.624400
310.174500 158.661100 310.174500 158.661100
310.897200 158.698200 310.897200 158.698200
311.632900 158.738600 311.632900 158.738600
312.381400 158.771100 312.381400 158.771100
313.139700 158.801800 313.139700 158.801800
313.905200 158.833800 313.905200 158.833800
314.676200 158.867600 314.676200 158.867600
315.453600 158.903300 315.453600 158.903300
316.240600 158.938700 316.240600 158.938700
317.037300 158.975500 317.037300 158.975500
317.843600 159.013400 317.843600 159.013400
318.653100 159.053200 318.653100 159.053200
319.477900 159.096700 319.477900 159.096700
320.301800 159.140100 320.301800 159.140100
321.139100 159.185500 321.139100 159.185500
321.983300 159.231700 321.983300 159.231700
322.834400 159.281600 322.834400 159.281600
323.690900 159.332300 323.690900 159.332300
324.556700 159.385400 324.556700 159.385400
325.435000 159.443200 325.435000 159.443200
326.313300 159.501000 326.313300 159.501000
327.199000 159.561700 327.199000 159.561700
328.093200 159.622400 328.093200 159.622400
328.988300 159.688500 328.988300 159.688500
329.888000 159.763100 329.888000 159.763100
330.789000 159.837300 330.789000 159.837300
331.697000 159.914500 331.697000 159.914500
332.606500 159.992500 332.606500 159.992500
333.518000 160.073600 333.518000 160.073600
334.431300 160.158900 334.431300 160.158900
335.346200 160.242300 335.346200 160.242300
336.258900 160.327700 336.258900 160.327700
337.175400 160.412600 337.175400 160.412600
338.087800 160.502200 338.087800 160.502200
338.998100 160.587200 338.998100 160.587200
339.906100 160.670300 339.906100 160.670300
340.808300 160.751300 340.808300 160.751300
341.712200 160.834500 341.712200 160.834500
342.616100 160.911600 342.616100 160.911600
343.520500 160.989100 343.520500 160.989100
344.423600 161.066800 344.423600 161.066800
345.327600 161.144900 345.327600 161.144900
346.223500 161.227200 346.223500 161.227200
347.116700 161.307600 347.116700 161.307600
348.009900 161.391200 348.009900 161.391200
348.906500 161.474100 348.906500 161.474100
349.805900 161.556400 349.805900 161.556400
350.697700 161.637000 350.697700 161.637000
351.590100 161.717700 351.590100 161.717700
352.482500 161.798300 352.482500 161.798300
353.378500 161.884000 353.378500 161.884000
354.273100 161.969400 354.273100 161.969400
355.170000 162.052700 355.170000 162.052700
356.065800 162.144000 356.065800 162.144000
356.966000 162.239900 356.966000 162.239900
357.863400 162.346400 357.863400 162.346400
358.764400 162.448200 358.764400 162.448200
359.666600 162.550200 359.666600 162.550200
360.574300 162.654300 360.574300 162.654300
361.476300 162.769500 361.476300 162.769500
362.375700 162.896300 362.375700 162.896300
363.272200 163.034800 363.272200 163.034800
364.168700 163.173300 364.168700 163.173300
365.062800 163.323000 365.062800 163.323000
365.954700 163.484800 365.954700 163.484800
366.841200 163.659400 366.841200 163.659400
367.727000 163.850800 367.727000 163.850800
368.600500 164.049000 368.600500 164.049000
369.476700 164.260200 369.476700 164.260200
370.348600 164.475400 370.348600 164.475400
371.220000 164.695600 371.220000 164.695600
372.093200 164.915600 372.093200 164.915600
372.964400 165.138700 372.964400 165.138700
373.841900 165.362000 373.841900 165.362000
374.719800 165.591100 374.719800 165.591100
375.599800 165.826700 375.599800 165.826700
376.477200 166.066900 376.477200 166.066900
377.356800 166.314600 377.356800 166.314600
378.229900 166.566100 378.229900 166.566100
379.095600 166.828400 379.095600 166.828400
379.948400 167.092800 379.948400 167.092800
380.801800 167.357500 380.801800 167.357500
381.646000 167.621800 381.646000 167.621800
382.479700 167.898400 382.479700 167.898400
383.318400 168.171800 383.318400 168.171800
384.156500 168.449400 384.156500 168.449400
384.985500 168.730900 384.985500 168.730900
385.808200 169.013900 385.808200 169.013900
386.621300 169.293200 386.621300 169.293200
387.434900 169.572600 387.434900 169.572600
388.246500 169.856400 388.246500 169.856400
389.051800 170.137900 389.051800 170.137900
389.858500 170.419800 389.858500 170.419800
390.650800 170.695000 390.650800 170.695000
391.440500 170.967800 391.440500 170.967800
392.227300 171.237500 392.227300 171.237500
393.014800 171.503500 393.014800 171.503500
393.815800 171.762400 393.815800 171.762400
394.615700 172.019600 394.615700 172.019600
395.404400 172.284100 395.404400 172.284100
396.190200 172.539000 396.190200 172.539000
396.979100 172.796400 396.979100 172.796400
397.780400 173.063700 397.780400 173.063700
398.586200 173.331600 398.586200 173.331600
399.394000 173.602600 399.394000 173.602600
400.205400 173.874000 400.205400 173.874000
401.042000 174.146000 401.042000 174.146000
401.857000 174.411400 401.857000 174.411400
402.725900 174.699400 402.725900 174.699400
403.540000 174.970400 403.540000 174.970400
404.386600 175.251600 404.386600 175.251600
405.238700 175.529800 405.238700 175.529800
406.099400 175.811900 406.099400 175.811900
406.952200 176.092000 406.952200 176.092000
407.810400 176.369600 407.810400 176.369600
408.665300 176.654500 408.665300 176.654500
409.521700 176.947300 409.521700 176.947300
410.380800 177.246300 410.380800 177.246300
411.237500 177.532300 411.237500 177.532300
412.093300 177.816000 412.093300 177.816000
412.944100 178.091800 412.944100 178.091800
413.800900 178.362400 413.800900 178.362400
414.658200 178.636200 414.658200 178.636200
415.502100 178.907300 415.502100 178.907300
416.343100 179.178300 416.343100 179.178300
417.167700 179.450200 417.167700 179.450200
417.987000 179.722000 417.987000 179.722000
418.796900 179.986400 418.796900 179.986400
419.609100 180.245600 419.609100 180.245600
420.400700 180.499000 420.400700 180.499000
421.185400 180.747700 421.185400 180.747700
421.959400 180.988900 421.959400 180.988900
422.723500 181.229600 422.723500 181.229600
423.473700 181.472000 423.473700 181.472000
424.225100 181.714700 424.225100 181.714700
424.970600 181.953100 424.970600 181.953100
425.713900 182.191600 425.713900 182.191600
426.455300 182.427400 426.455300 182.427400
427.191300 182.654700 427.191300 182.654700
427.916700 182.878200 427.916700 182.878200
428.639000 183.104400 428.639000 183.104400
429.364900 183.330700 429.364900 183.330700
430.087800 183.556600 430.087800 183.556600
430.805500 183.782700 430.805500 183.782700
431.542400 184.015100 431.542400 184.015100
432.252100 184.242100 432.252100 184.242100
432.977800 184.475500 432.977800 184.475500
433.709700 184.706100 433.709700 184.706100
434.443800 184.936900 434.443800 184.936900
435.177200 185.167600 435.177200 185.167600
435.894400 185.396800 435.894400 185.396800
436.593300 185.624700 436.593300 185.624700
437.295000 185.858300 437.295000 185.858300
437.987000 186.094800 437.987000 186.094800
438.657800 186.322000 438.657800 186.322000
439.318300 186.549800 439.318300 186.549800
439.976500 186.775400 439.976500 186.775400
440.629400 186.999000 440.629400 186.999000
441.258300 187.210700 441.258300 187.210700
441.889500 187.423200 441.889500 187.423200
442.524200 187.638600 442.524200 187.638600
443.111600 187.837800 443.111600 187.837800
443.709700 188.041300 443.709700 188.041300
444.311400 188.246600 444.311400 188.246600
444.871000 188.440300 444.871000 188.440300
445.449300 188.641500 445.449300 188.641500
445.982700 188.827200 445.982700 188.827200
446.525800 189.015600 446.525800 189.015600
447.056300 189.201200 447.056300 189.201200
447.577700 189.384700 447.577700 189.384700
448.090700 189.564300 448.090700 189.564300
448.590500 189.739900 448.590500 189.739900
449.082200 189.912700 449.082200 189.912700
449.551100 190.081400 449.551100 190.081400
450.015000 190.249300 450.015000 190.249300
450.473700 190.415000 450.473700 190.415000
450.916200 190.569900 450.916200 190.569900
451.352700 190.721500 451.352700 190.721500
451.776300 190.871400 451.776300 190.871400
452.189200 191.019200 452.189200 191.019200
452.596100 191.161200 452.596100 191.161200
452.975300 191.292600 452.975300 191.292600
453.347700 191.423700 453.347700 191.423700
453.710200 191.550200 453.710200 191.550200
454.056100 191.672500 454.056100 191.672500
454.402100 191.794900 454.402100 191.794900
454.731200 191.911400 454.731200 191.911400
455.047100 192.029000 455.047100 192.029000
455.353700 192.142100 455.353700 192.142100
455.653200 192.246800 455.653200 192.246800
455.945800 192.344200 455.945800 192.344200
456.226200 192.440900 456.226200 192.440900
456.505300 192.533700 456.505300 192.533700
456.780200 192.630400 456.780200 192.630400
457.049900 192.728500 457.049900 192.728500
457.319300 192.826200 457.319300 192.826200
457.584900 192.921500 457.584900 192.921500
457.847800 193.015800 457.847800 193.015800
458.109900 193.111500 458.109900 193.111500
458.372700 193.206900 458.372700 193.206900
458.633900 193.306900 458.633900 193.306900
458.896600 193.410900 458.896600 193.410900
459.156700 193.522000 459.156700 193.522000
459.428400 193.640400 459.428400 193.640400
459.697700 193.760100 459.697700 193.760100
459.969900 193.883700 459.969900 193.883700
460.249400 194.018300 460.249400 194.018300
460.531700 194.165900 460.531700 194.165900
460.816400 194.319800 460.816400 194.319800
461.090500 194.471900 461.090500 194.471900
461.370300 194.631800 461.370300 194.631800
461.646200 194.797300 461.646200 194.797300
461.902800 194.967000 461.902800 194.967000
462.158600 195.139900 462.158600 195.139900
462.409600 195.309300 462.409600 195.309300
462.655800 195.467800 462.655800 195.467800
462.899600 195.612800 462.899600 195.612800
463.135400 195.743800 463.135400 195.743800
463.375500 195.864700 463.375500 195.864700
463.586200 195.962000 463.586200 195.962000
463.852600 196.075400 463.852600 196.075400
464.101100 196.176600 464.101100 196.176600
464.354300 196.273600 464.354300 196.273600
464.603600 196.364100 464.603600 196.364100
464.870400 196.457700 464.870400 196.457700
465.139400 196.550800 465.139400 196.550800
465.402500 196.634600 465.402500 196.634600
465.675100 196.717400 465.675100 196.717400
465.948600 196.799800 465.948600 196.799800
466.210600 196.870500 466.210600 196.870500
466.474200 196.940900 466.474200 196.940900
466.714000 197.006300 466.714000 197.006300
466.952600 197.072700 466.952600 197.072700
467.191400 197.142300 467.191400 197.142300
467.409700 197.209000 467.409700 197.209000
467.617600 197.275800 467.617600 197.275800
467.822600 197.349300 467.822600 197.349300
468.004600 197.427000 468.004600 197.427000
468.166900 197.497100 468.166900 197.497100
468.329500 197.572300 468.329500 197.572300
468.491000 197.643300 468.491000 197.643300
468.628300 197.691600 468.628300 197.691600
468.763400 197.738800 468.763400 197.738800
468.884200 197.788300 468.884200 197.788300
468.992400 197.852500 468.992400 197.852500
469.094800 197.918100 469.094800 197.918100
469.204000 197.984300 469.204000 197.984300
469.299100 198.035200 469.299100 198.035200
469.386700 198.082400 469.386700 198.082400
469.473000 198.134800 469.473000 198.134800
469.555900 198.181000 469.555900 198.181000
469.634100 198.224300 469.634100 198.224300
469.708700 198.262200 469.708700 198.262200
469.771700 198.302900 469.771700 198.302900
469.818100 198.349200 469.818100 198.349200
469.857800 198.400100 469.857800 198.400100
469.894400 198.442400 469.894400 198.442400
469.936700 198.478100 469.936700 198.478100
469.984600 198.505100 469.984600 198.505100
470.030100 198.534300 470.030100 198.534300
470.066400 198.566100 470.066400 198.566100
470.093200 198.600100 470.093200 198.600100
470.117300 198.634100 470.117300 198.634100
470.142400 198.664400 470.142400 198.664400
