-0.000000 0.000000 -0.000000 0.000000
0.001289 1.310643 0.001289 1.310643
0.000445 2.625299 0.000445 2.625299
0.002038 3.941730 0.002038 3.941730
0.002778 5.261017 0.002778 5.261017
0.004158 6.581638 0.004158 6.581638
0.007571 7.908775 0.007571 7.908775
0.008324 9.238962 0.008324 9.238962
0.007728 10.569630 0.007728 10.569630
0.006781 11.904260 0.006781 11.904260
0.003419 13.242080 0.003419 13.242080
-0.001862 14.580480 -0.001862 14.580480
-0.005852 15.930660 -0.005852 15.930660
-0.004268 17.282220 -0.004268 17.282220
0.000483 18.634690 0.000483 18.634690
0.005006 19.986700 0.005006 19.986700
0.004135 21.341270 0.004135 21.341270
-0.000765 22.705750 -0.000765 22.705750
-0.007369 24.072100 -0.007369 24.072100
-0.009719 25.448680 -0.009719 25.448680
-0.005061 26.820300 -0.005061 26.820300
0.001962 28.194720 0.001962 28.194720
0.005282 29.570120 0.005282 29.570120
0.007939 30.949840 0.007939 30.949840
0.006827 32.335310 0.006827 32.335310
0.008305 33.717800 0.008305 33.717800
0.010173 35.110830 0.010173 35.110830
0.012119 36.507890 0.012119 36.507890
0.015115 37.905890 0.015115 37.905890
0.016969 39.301560 0.016969 39.301560
0.019429 40.704370 0.019429 40.704370
0.019163 42.111000 0.019163 42.111000
0.021344 43.518580 0.021344 43.518580
0.026224 44.928210 0.026224 44.928210
0.030860 46.341270 0.030860 46.341270
0.034080 47.757040 0.034080 47.757040
0.033592 49.179630 0.033592 49.179630
0.031755 50.602180 0.031755 50.602180
0.028958 52.028310 0.028958 52.028310
0.025370 53.457160 0.025370 53.457160
0.020829 54.884640 0.020829 54.884640
0.016809 56.316600 0.016809 56.316600
0.013229 57.745500 0.013229 57.745500
0.010075 59.173650 0.010075 59.173650
0.006524 60.603180 0.006524 60.603180
0.002764 62.027950 0.002764 62.027950
-0.001308 63.451980 -0.001308 63.451980
-0.002874 64.871870 -0.002874 64.871870
-0.005954 66.289400 -0.005954 66.289400
-0.010020 67.703110 -0.010020 67.703110
-0.019364 69.115930 -0.019364 69.115930
-0.027023 70.530000 -0.027023 70.530000
-0.035134 71.939780 -0.035134 71.939780
-0.042147 73.339860 -0.042147 73.339860
-0.046776 74.742450 -0.046776 74.742450
-0.053277 76.144500 -0.053277 76.144500
-0.054585 77.540790 -0.054585 77.540790
-0.052873 78.934960 -0.052873 78.934960
-0.049543 80.325450 -0.049543 80.325450
-0.048832 81.710950 -0.048832 81.710950
-0.048388 83.097210 -0.048388 83.097210
-0.052691 84.483670 -0.052691 84.483670
-0.060720 85.865620 -0.060720 85.865620
-0.075180 87.250150 -0.075180 87.250150
-0.084376 88.629090 -0.084376 88.629090
-0.098132 90.006340 -0.098132 90.006340
-0.111047 91.375240 -0.111047 91.375240
-0.128335 92.741280 -0.128335 92.741280
-0.145460 94.103390 -0.145460 94.103390
-0.169705 95.460760 -0.169705 95.460760
-0.191341 96.813820 -0.191341 96.813820
-0.212031 98.165450 -0.212031 98.165450
-0.234406 99.515130 -0.234406 99.515130
-0.248572 100.860300 -0.248572 100.860300
-0.269402 102.205400 -0.269402 102.205400
-0.286760 103.545900 -0.286760 103.545900
-0.305326 104.884500 -0.305326 104.884500
-0.315395 106.220800 -0.315395 106.220800
-0.334309 107.565300 -0.334309 107.565300
-0.350813 108.906400 -0.350813 108.906400
-0.373776 110.244600 -0.373776 110.244600
-0.394315 111.576600 -0.394315 111.576600
-0.413713 112.905000 -0.413713 112.905000
-0.421968 114.228600 -0.421968 114.228600
-0.429590 115.560100 -0.429590 115.560100
-0.433478 116.893000 -0.433478 116.893000
-0.433415 118.227400 -0.433415 118.227400
-0.430614 119.561300 -0.430614 119.561300
-0.433415 120.904500 -0.433415 120.904500
-0.447293 122.268400 -0.447293 122.268400
-0.456074 123.624200 -0.456074 123.624200
-0.462255 124.983500 -0.462255 124.983500
-0.464133 126.337100 -0.464133 126.337100
-0.470849 127.692500 -0.470849 127.692500
-0.471809 129.049600 -0.471809 129.049600
-0.474280 130.407000 -0.474280 130.407000
-0.470125 131.755700 -0.470125 131.755700
-0.465694 133.109700 -0.465694 133.109700
-0.465103 134.461400 -0.465103 134.461400
-0.466120 135.814600 -0.466120 135.814600
-0.464495 137.160600 -0.464495 137.160600
-0.464572 138.512400 -0.464572 138.512400
-0.464181 139.862600 -0.464181 139.862600
-0.467442 141.212900 -0.467442 141.212900
-0.470457 142.562200 -0.470457 142.562200
-0.474702 143.909900 -0.474702 143.909900
-0.478901 145.257800 -0.478901 145.257800
-0.481393 146.601100 -0.481393 146.601100
-0.484415 147.953800 -0.484415 147.953800
-0.483284 149.303000 -0.483284 149.303000
-0.488799 150.648100 -0.488799 150.648100
-0.497985 151.991700 -0.497985 151.991700
-0.513990 153.337300 -0.513990 153.337300
-0.520340 154.684300 -0.520340 154.684300
-0.518837 156.032900 -0.518837 156.032900
-0.510487 157.382900 -0.510487 157.382900
-0.499605 158.731900 -0.499605 158.731900
-0.490889 160.078600 -0.490889 160.078600
-0.484876 161.429000 -0.484876 161.429000
-0.483652 162.778800 -0.483652 162.778800
-0.476780 164.129500 -0.476780 164.129500
-0.468784 165.480700 -0.468784 165.480700
-0.459926 166.839000 -0.459926 166.839000
-0.449484 168.200000 -0.449484 168.200000
-0.442444 169.560200 -0.442444 169.560200
-0.438972 170.919800 -0.438972 170.919800
-0.411154 172.284100 -0.411154 172.284100
-0.388112 173.652800 -0.388112 173.652800
-0.377930 175.029100 -0.377930 175.029100
-0.358878 176.408600 -0.358878 176.408600
-0.340531 177.785200 -0.340531 177.785200
-0.321404 179.160700 -0.321404 179.160700
-0.313655 180.542000 -0.313655 180.542000
-0.308999 181.921400 -0.308999 181.921400
-0.314056 183.309800 -0.314056 183.309800
-0.318656 184.703900 -0.318656 184.703900
-0.314130 186.099400 -0.314130 186.099400
-0.308728 187.498800 -0.308728 187.498800
-0.308933 188.900300 -0.308933 188.900300
-0.307021 190.304800 -0.307021 190.304800
-0.303004 191.712800 -0.303004 191.712800
-0.300756 193.121300 -0.300756 193.121300
-0.297934 194.539700 -0.297934 194.539700
-0.294530 195.959200 -0.294530 195.959200
-0.295505 197.380900 -0.295505 197.380900
-0.299864 198.801100 -0.299864 198.801100
-0.315003 200.224200 -0.315003 200.224200
-0.332199 201.657300 -0.332199 201.657300
-0.348581 203.094800 -0.348581 203.094800
-0.351843 204.532500 -0.351843 204.532500
-0.348136 205.970400 -0.348136 205.970400
-0.343831 207.418300 -0.343831 207.418300
-0.342198 208.867900 -0.342198 208.867900
-0.342964 210.323200 -0.342964 210.323200
-0.347951 211.784900 -0.347951 211.784900
-0.353316 213.245300 -0.353316 213.245300
-0.357581 214.714200 -0.357581 214.714200
-0.357484 216.186400 -0.357484 216.186400
-0.355981 217.661500 -0.355981 217.661500
-0.360488 219.141900 -0.360488 219.141900
-0.366905 220.619200 -0.366905 220.619200
-0.371188 222.105300 -0.371188 222.105300
-0.375507 223.589400 -0.375507 223.589400
-0.377150 225.078900 -0.377150 225.078900
-0.378771 226.569100 -0.378771 226.569100
-0.378527 228.060200 -0.378527 228.060200
-0.378661 229.551100 -0.378661 229.551100
-0.376609 231.045400 -0.376609 231.045400
-0.374570 232.542100 -0.374570 232.542100
-0.373963 234.037800 -0.373963 234.037800
-0.376469 235.539000 -0.376469 235.539000
-0.378408 237.044600 -0.378408 237.044600
-0.381494 238.549900 -0.381494 238.549900
-0.382906 240.060300 -0.382906 240.060300
-0.382092 241.571200 -0.382092 241.571200
-0.381880 243.087300 -0.381880 243.087300
-0.379639 244.602000 -0.379639 244.602000
-0.377078 246.123100 -0.377078 246.123100
-0.372157 247.647700 -0.372157 247.647700
-0.368389 249.168200 -0.368389 249.168200
-0.365894 250.696400 -0.365894 250.696400
-0.362986 252.224100 -0.362986 252.224100
-0.359890 253.757000 -0.359890 253.757000
-0.356528 255.288500 -0.356528 255.288500
-0.351899 256.823000 -0.351899 256.823000
-0.347449 258.361200 -0.347449 258.361200
-0.340799 259.900300 -0.340799 259.900300
-0.334678 261.435200 -0.334678 261.435200
-0.329134 262.973100 -0.329134 262.973100
-0.325374 264.511300 -0.325374 264.511300
-0.324905 266.057200 -0.324905 266.057200
-0.320818 267.598100 -0.320818 267.598100
-0.317394 269.137700 -0.317394 269.137700
-0.316602 270.677100 -0.316602 270.677100
-0.315594 272.218500 -0.315594 272.218500
-0.314040 273.764900 -0.314040 273.764900
-0.311231 275.307200 -0.311231 275.307200
-0.311421 276.853500 -0.311421 276.853500
-0.306203 278.395200 -0.306203 278.395200
-0.301129 279.945100 -0.301129 279.945100
-0.289754 281.495800 -0.289754 281.495800
-0.276490 283.049800 -0.276490 283.049800
-0.259923 284.600500 -0.259923 284.600500
-0.244730 286.145400 -0.244730 286.145400
-0.230158 287.699900 -0.230158 287.699900
-0.217081 289.253600 -0.217081 289.253600
-0.204525 290.810300 -0.204525 290.810300
-0.192693 292.369200 -0.192693 292.369200
-0.182827 293.931600 -0.182827 293.931600
-0.175311 295.500700 -0.175311 295.500700
-0.168171 297.072300 -0.168171 297.072300
-0.157166 298.650200 -0.157166 298.650200
-0.149830 300.236700 -0.149830 300.236700
-0.143657 301.821100 -0.143657 301.821100
-0.136231 303.413000 -0.136231 303.413000
-0.124580 305.009500 -0.124580 305.009500
-0.111308 306.608600 -0.111308 306.608600
-0.100990 308.211600 -0.100990 308.211600
-0.096500 309.818900 -0.096500 309.818900
-0.093249 311.433100 -0.093249 311.433100
-0.096584 313.044500 -0.096584 313.044500
-0.106523 314.668200 -0.106523 314.668200
-0.107981 316.295300 -0.107981 316.295300
-0.108670 317.924100 -0.108670 317.924100
-0.105842 319.552500 -0.105842 319.552500
-0.103970 321.182300 -0.103970 321.182300
-0.100918 322.813900 -0.100918 322.813900
-0.098831 324.439700 -0.098831 324.439700
-0.096484 326.068200 -0.096484 326.068200
-0.094111 327.697600 -0.094111 327.697600
-0.084970 329.324200 -0.084970 329.324200
-0.074427 330.950800 -0.074427 330.950800
-0.064212 332.569400 -0.064212 332.569400
-0.058449 334.189300 -0.058449 334.189300
-0.054350 335.802400 -0.054350 335.802400
-0.049497 337.409700 -0.049497 337.409700
-0.045480 339.021100 -0.045480 339.021100
-0.042570 340.628700 -0.042570 340.628700
-0.039303 342.246200 -0.039303 342.246200
-0.036810 343.852800 -0.036810 343.852800
-0.035147 345.452500 -0.035147 345.452500
-0.034548 347.055400 -0.034548 347.055400
-0.037072 348.655100 -0.037072 348.655100
-0.041563 350.253200 -0.041563 350.253200
-0.052610 351.847800 -0.052610 351.847800
-0.062771 353.446400 -0.062771 353.446400
-0.075066 355.037900 -0.075066 355.037900
-0.085704 356.630800 -0.085704 356.630800
-0.097300 358.221800 -0.097300 358.221800
-0.109101 359.812500 -0.109101 359.812500
-0.122301 361.403700 -0.122301 361.403700
-0.132221 362.989000 -0.132221 362.989000
-0.141995 364.586700 -0.141995 364.586700
-0.155300 366.183800 -0.155300 366.183800
-0.166861 367.781100 -0.166861 367.781100
-0.185891 369.386600 -0.185891 369.386600
-0.202919 370.975300 -0.202919 370.975300
-0.222998 372.615400 -0.222998 372.615400
-0.237813 374.225300 -0.237813 374.225300
-0.251989 375.781100 -0.251989 375.781100
-0.262588 377.387300 -0.262588 377.387300
-0.270401 378.992900 -0.270401 378.992900
-0.278359 380.607100 -0.278359 380.607100
-0.287793 382.220200 -0.287793 382.220200
-0.296087 383.840800 -0.296087 383.840800
-0.303965 385.451200 -0.303965 385.451200
-0.311017 387.067800 -0.311017 387.067800
-0.316454 388.685700 -0.316454 388.685700
-0.320658 390.305900 -0.320658 390.305900
-0.323800 391.935900 -0.323800 391.935900
-0.323790 393.557900 -0.323790 393.557900
