0.000000 0.000000 0.000000 0.000000
-0.014018 1.198998 -0.014018 1.198998
-0.027874 2.384181 -0.027874 2.384181
-0.041803 3.575628 -0.041803 3.575628
-0.055735 4.767291 -0.055735 4.767291
-0.069707 5.962283 -0.069707 5.962283
-0.083626 7.152769 -0.083626 7.152769
-0.097570 8.345400 -0.097570 8.345400
-0.111499 9.536762 -0.111499 9.536762
-0.125431 10.728320 -0.125431 10.728320
-0.139362 11.919830 -0.139362 11.919830
-0.153300 13.111910 -0.153300 13.111910
-0.167141 14.303480 -0.167141 14.303480
-0.181814 15.496590 -0.181814 15.496590
-0.195073 16.687580 -0.195073 16.687580
-0.208176 17.881040 -0.208176 17.881040
-0.222069 19.076630 -0.222069 19.076630
-0.237295 20.270190 -0.237295 20.270190
-0.253156 21.464680 -0.253156 21.464680
-0.270764 22.658830 -0.270764 22.658830
-0.288791 23.852960 -0.288791 23.852960
-0.307115 25.046840 -0.307115 25.046840
-0.327351 26.243100 -0.327351 26.243100
-0.347249 27.441680 -0.347249 27.441680
-0.367798 28.637120 -0.367798 28.637120
-0.389214 29.828300 -0.389214 29.828300
-0.411276 31.027940 -0.411276 31.027940
-0.435716 32.231930 -0.435716 32.231930
-0.459653 33.420240 -0.459653 33.420240
-0.484698 34.614800 -0.484698 34.614800
-0.509819 35.812560 -0.509819 35.812560
-0.536706 37.009280 -0.536706 37.009280
-0.562741 38.206900 -0.562741 38.206900
-0.590462 39.405490 -0.590462 39.405490
-0.618170 40.602440 -0.618170 40.602440
-0.646632 41.798710 -0.646632 41.798710
-0.675668 42.995920 -0.675668 42.995920
-0.708016 44.195630 -0.708016 44.195630
-0.735861 45.395630 -0.735861 45.395630
-0.761728 46.596120 -0.761728 46.596120
-0.784447 47.801490 -0.784447 47.801490
-0.805020 49.004540 -0.805020 49.004540
-0.822002 50.203480 -0.822002 50.203480
-0.840290 51.404570 -0.840290 51.404570
-0.859463 52.605830 -0.859463 52.605830
-0.875378 53.811250 -0.875378 53.811250
-0.892873 55.015200 -0.892873 55.015200
-0.911860 56.220270 -0.911860 56.220270
-0.933231 57.427770 -0.933231 57.427770
-0.956215 58.632620 -0.956215 58.632620
-0.981436 59.838570 -0.981436 59.838570
-1.006715 61.042090 -1.006715 61.042090
-1.031126 62.245630 -1.031126 62.245630
-1.053863 63.447470 -1.053863 63.447470
-1.078473 64.647550 -1.078473 64.647550
-1.103193 65.850400 -1.103193 65.850400
-1.129538 67.047610 -1.129538 67.047610
-1.157680 68.241070 -1.157680 68.241070
-1.186930 69.435270 -1.186930 69.435270
-1.215316 70.626160 -1.215316 70.626160
-1.243226 71.816000 -1.243226 71.816000
-1.268567 73.002190 -1.268567 73.002190
-1.292838 74.187490 -1.292838 74.187490
-1.310252 75.365540 -1.310252 75.365540
-1.320138 76.540790 -1.320138 76.540790
-1.330920 77.716300 -1.330920 77.716300
-1.337950 78.894600 -1.337950 78.894600
-1.340942 80.068430 -1.340942 80.068430
-1.342290 81.234540 -1.342290 81.234540
-1.335651 82.399130 -1.335651 82.399130
-1.323865 83.558010 -1.323865 83.558010
-1.309268 84.717450 -1.309268 84.717450
-1.292993 85.876960 -1.292993 85.876960
-1.273121 87.031140 -1.273121 87.031140
-1.247131 88.183830 -1.247131 88.183830
-1.216671 89.333360 -1.216671 89.333360
-1.182745 90.483440 -1.182745 90.483440
-1.144128 91.636550 -1.144128 91.636550
-1.101750 92.791290 -1.101750 92.791290
-1.056015 93.947130 -1.056015 93.947130
-1.006119 95.102620 -1.006119 95.102620
-0.953966 96.255380 -0.953966 96.255380
-0.897540 97.413170 -0.897540 97.413170
-0.841003 98.572220 -0.841003 98.572220
-0.782045 99.739680 -0.782045 99.739680
-0.723357 100.914100 -0.723357 100.914100
-0.665532 102.094700 -0.665532 102.094700
-0.607718 103.278800 -0.607718 103.278800
-0.550571 104.470000 -0.550571 104.470000
-0.497748 105.667900 -0.497748 105.667900
-0.448327 106.867200 -0.448327 106.867200
-0.405377 108.071900 -0.405377 108.071900
-0.365108 109.278600 -0.365108 109.278600
-0.329075 110.491600 -0.329075 110.491600
-0.298528 111.707300 -0.298528 111.707300
-0.272672 112.923700 -0.272672 112.923700
-0.253779 114.142500 -0.253779 114.142500
-0.241552 115.362800 -0.241552 115.362800
-0.234072 116.586000 -0.234072 116.586000
-0.232571 117.811600 -0.232571 117.811600
-0.237293 119.039900 -0.237293 119.039900
-0.246444 120.271400 -0.246444 120.271400
-0.256232 121.501300 -0.256232 121.501300
-0.269679 122.742400 -0.269679 122.742400
-0.283572 123.982900 -0.283572 123.982900
-0.297015 125.224100 -0.297015 125.224100
-0.316815 126.470200 -0.316815 126.470200
-0.336076 127.720200 -0.336076 127.720200
-0.353204 128.969900 -0.353204 128.969900
-0.370442 130.220100 -0.370442 130.220100
-0.384545 131.475600 -0.384545 131.475600
-0.397623 132.733500 -0.397623 132.733500
-0.413373 133.995900 -0.413373 133.995900
-0.429912 135.259300 -0.429912 135.259300
-0.443887 136.522600 -0.443887 136.522600
-0.457056 137.789500 -0.457056 137.789500
-0.472057 139.056800 -0.472057 139.056800
-0.490815 140.330600 -0.490815 140.330600
-0.509951 141.606000 -0.509951 141.606000
-0.531657 142.880200 -0.531657 142.880200
-0.550146 144.153000 -0.550146 144.153000
-0.568107 145.424100 -0.568107 145.424100
-0.586224 146.694000 -0.586224 146.694000
-0.601569 147.961100 -0.601569 147.961100
-0.618401 149.227000 -0.618401 149.227000
-0.634443 150.492400 -0.634443 150.492400
-0.649286 151.756200 -0.649286 151.756200
-0.666905 153.024800 -0.666905 153.024800
-0.684175 154.288300 -0.684175 154.288300
-0.703475 155.553300 -0.703475 155.553300
-0.721231 156.816900 -0.721231 156.816900
-0.740134 158.077800 -0.740134 158.077800
-0.758140 159.342200 -0.758140 159.342200
-0.778517 160.603700 -0.778517 160.603700
-0.798967 161.864100 -0.798967 161.864100
-0.821014 163.126200 -0.821014 163.126200
-0.844849 164.390300 -0.844849 164.390300
-0.867607 165.651900 -0.867607 165.651900
-0.891591 166.914300 -0.891591 166.914300
-0.915926 168.176500 -0.915926 168.176500
-0.941804 169.441400 -0.941804 169.441400
-0.968255 170.704700 -0.968255 170.704700
-0.995770 171.970700 -0.995770 171.970700
-1.024319 173.234300 -1.024319 173.234300
-1.053647 174.498300 -1.053647 174.498300
-1.083166 175.759000 -1.083166 175.759000
-1.111965 177.026400 -1.111965 177.026400
-1.140940 178.289100 -1.140940 178.289100
-1.167498 179.549200 -1.167498 179.549200
-1.193384 180.810700 -1.193384 180.810700
-1.220912 182.072200 -1.220912 182.072200
-1.249819 183.336700 -1.249819 183.336700
-1.280267 184.593400 -1.280267 184.593400
-1.311919 185.843100 -1.311919 185.843100
-1.342768 187.092300 -1.342768 187.092300
-1.371475 188.338800 -1.371475 188.338800
-1.400872 189.585600 -1.400872 189.585600
-1.429913 190.830800 -1.429913 190.830800
-1.456920 192.069700 -1.456920 192.069700
-1.482347 193.303500 -1.482347 193.303500
-1.504387 194.534400 -1.504387 194.534400
-1.525428 195.761000 -1.525428 195.761000
-1.543340 196.981600 -1.543340 196.981600
-1.561315 198.198700 -1.561315 198.198700
-1.577337 199.411500 -1.577337 199.411500
-1.593225 200.619200 -1.593225 200.619200
-1.607052 201.820700 -1.607052 201.820700
-1.619569 203.015500 -1.619569 203.015500
-1.629855 204.203300 -1.629855 204.203300
-1.639698 205.382100 -1.639698 205.382100
-1.649074 206.552500 -1.649074 206.552500
-1.655974 207.709400 -1.655974 207.709400
-1.663162 208.852200 -1.663162 208.852200
-1.670517 209.981800 -1.670517 209.981800
-1.680916 211.093700 -1.680916 211.093700
-1.692609 212.190700 -1.692609 212.190700
-1.705386 213.274900 -1.705386 213.274900
-1.717659 214.345300 -1.717659 214.345300
-1.730641 215.404600 -1.730641 215.404600
-1.744177 216.448200 -1.744177 216.448200
-1.758097 217.485400 -1.758097 217.485400
-1.775959 218.507700 -1.775959 218.507700
-1.796549 219.511400 -1.796549 219.511400
-1.820190 220.495000 -1.820190 220.495000
-1.844527 221.461200 -1.844527 221.461200
-1.871601 222.402600 -1.871601 222.402600
-1.900504 223.322800 -1.900504 223.322800
-1.931080 224.219200 -1.931080 224.219200
-1.963226 225.093200 -1.963226 225.093200
-1.999321 225.946200 -1.999321 225.946200
-2.036110 226.775800 -2.036110 226.775800
-2.076063 227.588500 -2.076063 227.588500
-2.113952 228.382000 -2.113952 228.382000
-2.149429 229.159000 -2.149429 229.159000
-2.182836 229.916600 -2.182836 229.916600
-2.215172 230.657700 -2.215172 230.657700
-2.247910 231.388200 -2.247910 231.388200
-2.278813 232.115600 -2.278813 232.115600
-2.309140 232.838300 -2.309140 232.838300
-2.338553 233.560000 -2.338553 233.560000
-2.364800 234.277600 -2.364800 234.277600
-2.389577 234.991500 -2.389577 234.991500
-2.414706 235.702100 -2.414706 235.702100
-2.437161 236.408500 -2.437161 236.408500
-2.458270 237.111600 -2.458270 237.111600
-2.475218 237.811400 -2.475218 237.811400
-2.489243 238.507600 -2.489243 238.507600
-2.501543 239.199900 -2.501543 239.199900
-2.511949 239.887800 -2.511949 239.887800
-2.520293 240.575300 -2.520293 240.575300
-2.528203 241.263900 -2.528203 241.263900
-2.534352 241.957300 -2.534352 241.957300
-2.538348 242.653500 -2.538348 242.653500
-2.543393 243.355900 -2.543393 243.355900
-2.545596 244.059000 -2.545596 244.059000
-2.546852 244.763400 -2.546852 244.763400
-2.546619 245.471500 -2.546619 245.471500
-2.545576 246.186300 -2.545576 246.186300
-2.543734 246.908100 -2.543734 246.908100
-2.542056 247.635900 -2.542056 247.635900
-2.541896 248.369500 -2.541896 248.369500
-2.542204 249.111400 -2.542204 249.111400
-2.540944 249.857300 -2.540944 249.857300
-2.535403 250.610000 -2.535403 250.610000
-2.529259 251.370800 -2.529259 251.370800
-2.529475 252.145000 -2.529475 252.145000
-2.534412 252.928900 -2.534412 252.928900
-2.531730 253.716000 -2.531730 253.716000
-2.522827 254.510700 -2.522827 254.510700
-2.516895 255.305600 -2.516895 255.305600
-2.508908 256.111900 -2.508908 256.111900
-2.495854 256.929600 -2.495854 256.929600
-2.476437 257.757800 -2.476437 257.757800
-2.451908 258.592800 -2.451908 258.592800
-2.426274 259.429500 -2.426274 259.429500
-2.401831 260.268500 -2.401831 260.268500
-2.377452 261.102800 -2.377452 261.102800
-2.347909 261.939800 -2.347909 261.939800
-2.315586 262.778700 -2.315586 262.778700
-2.282743 263.621200 -2.282743 263.621200
-2.249292 264.463100 -2.249292 264.463100
-2.211671 265.302600 -2.211671 265.302600
-2.169031 266.145600 -2.169031 266.145600
-2.120601 266.988600 -2.120601 266.988600
-2.070929 267.834500 -2.070929 267.834500
-2.020152 268.682100 -2.020152 268.682100
-1.972336 269.529300 -1.972336 269.529300
-1.923826 270.381600 -1.923826 270.381600
-1.875688 271.234100 -1.875688 271.234100
-1.829452 272.089100 -1.829452 272.089100
-1.783337 272.943200 -1.783337 272.943200
-1.741198 273.795400 -1.741198 273.795400
-1.700845 274.651100 -1.700845 274.651100
-1.660663 275.503500 -1.660663 275.503500
-1.622669 276.354400 -1.622669 276.354400
-1.585579 277.203700 -1.585579 277.203700
-1.550632 278.051600 -1.550632 278.051600
-1.517863 278.896700 -1.517863 278.896700
-1.489305 279.735400 -1.489305 279.735400
-1.466242 280.568700 -1.466242 280.568700
-1.447757 281.389700 -1.447757 281.389700
-1.431895 282.203100 -1.431895 282.203100
-1.419054 283.003600 -1.419054 283.003600
-1.412086 283.787900 -1.412086 283.787900
-1.411252 284.555300 -1.411252 284.555300
-1.414317 285.305200 -1.414317 285.305200
-1.417779 286.035900 -1.417779 286.035900
-1.423417 286.744000 -1.423417 286.744000
-1.435822 287.433100 -1.435822 287.433100
-1.454441 288.100500 -1.454441 288.100500
-1.477649 288.751100 -1.477649 288.751100
-1.506373 289.389000 -1.506373 289.389000
-1.545617 290.017300 -1.545617 290.017300
-1.597157 290.628100 -1.597157 290.628100
-1.665044 291.230000 -1.665044 291.230000
-1.742378 291.806200 -1.742378 291.806200
-1.834488 292.379000 -1.834488 292.379000
-1.942994 292.937400 -1.942994 292.937400
-2.067997 293.467900 -2.067997 293.467900
-2.209538 293.998100 -2.209538 293.998100
-2.367902 294.512100 -2.367902 294.512100
-2.543375 294.987900 -2.543375 294.987900
-2.739392 295.466700 -2.739392 295.466700
-2.949047 295.901800 -2.949047 295.901800
-3.178542 296.349200 -3.178542 296.349200
-3.425572 296.782800 -3.425572 296.782800
-3.687333 297.164100 -3.687333 297.164100
-3.968958 297.563400 -3.968958 297.563400
-4.268559 297.943900 -4.268559 297.943900
-4.586321 298.261700 -4.586321 298.261700
-4.922654 298.599700 -4.922654 298.599700
-5.270323 298.869400 -5.270323 298.869400
-5.635576 299.167200 -5.635576 299.167200
-6.014393 299.433700 -6.014393 299.433700
-6.404391 299.609200 -6.404391 299.609200
-6.808874 299.805000 -6.808874 299.805000
-7.216405 299.975100 -7.216405 299.975100
-7.620091 300.061900 -7.620091 300.061900
-8.027228 300.181100 -8.027228 300.181100
-8.436151 300.220000 -8.436151 300.220000
-8.849753 300.287300 -8.849753 300.287300
-9.270289 300.329100 -9.270289 300.329100
-9.696194 300.284000 -9.696194 300.284000
-10.136050 300.271200 -10.136050 300.271200
-10.581290 300.229300 -10.581290 300.229300
-11.031110 300.097000 -11.031110 300.097000
-11.487940 299.994100 -11.487940 299.994100
-11.943180 299.798200 -11.943180 299.798200
-12.402890 299.632800 -12.402890 299.632800
-12.859800 299.433800 -12.859800 299.433800
-13.310900 299.142900 -13.310900 299.142900
-13.763400 298.874200 -13.763400 298.874200
-14.212510 298.521900 -14.212510 298.521900
-14.663110 298.181100 -14.663110 298.181100
-15.116160 297.801600 -15.116160 297.801600
-15.569170 297.360100 -15.569170 297.360100
-16.024260 296.917900 -16.024260 296.917900
-16.470640 296.401300 -16.470640 296.401300
-16.903920 295.876600 -16.903920 295.876600
-17.322410 295.284300 -17.322410 295.284300
-17.729180 294.684400 -17.729180 294.684400
-18.123430 294.046700 -18.123430 294.046700
-18.505340 293.349600 -18.505340 293.349600
-18.872030 292.636200 -18.872030 292.636200
-19.213810 291.862500 -19.213810 291.862500
-19.538520 291.079400 -19.538520 291.079400
-19.845480 290.240800 -19.845480 290.240800
-20.129220 289.390500 -20.129220 289.390500
-20.381840 288.504700 -20.381840 288.504700
-20.612510 287.567700 -20.612510 287.567700
-20.811550 286.620800 -20.811550 286.620800
-20.977380 285.632200 -20.977380 285.632200
-21.116590 284.629700 -21.116590 284.629700
-21.226910 283.593100 -21.226910 283.593100
-21.307020 282.520500 -21.307020 282.520500
-21.358710 281.431200 -21.358710 281.431200
-21.383580 280.311200 -21.383580 280.311200
-21.377240 279.173300 -21.377240 279.173300
-21.345560 278.007500 -21.345560 278.007500
-21.289760 276.829500 -21.289760 276.829500
-21.209240 275.638800 -21.209240 275.638800
-21.111930 274.431300 -21.111930 274.431300
-21.001900 273.207500 -21.001900 273.207500
-20.886170 271.963000 -20.886170 271.963000
-20.776850 270.705000 -20.776850 270.705000
-20.665910 269.427900 -20.665910 269.427900
-20.555220 268.136000 -20.555220 268.136000
-20.447590 266.830600 -20.447590 266.830600
-20.345860 265.509700 -20.345860 265.509700
-20.249670 264.179400 -20.249670 264.179400
-20.156280 262.848100 -20.156280 262.848100
-20.070850 261.517300 -20.070850 261.517300
-19.993270 260.190200 -19.993270 260.190200
-19.921300 258.849900 -19.921300 258.849900
-19.855300 257.511300 -19.855300 257.511300
-19.796750 256.170200 -19.796750 256.170200
-19.745910 254.823900 -19.745910 254.823900
-19.703440 253.474600 -19.703440 253.474600
-19.668170 252.123200 -19.668170 252.123200
-19.639340 250.773100 -19.639340 250.773100
-19.613680 249.416200 -19.613680 249.416200
-19.590290 248.064400 -19.590290 248.064400
-19.569280 246.706000 -19.569280 246.706000
-19.551340 245.338200 -19.551340 245.338200
-19.538000 243.969800 -19.538000 243.969800
-19.526660 242.595700 -19.526660 242.595700
-19.513830 241.222400 -19.513830 241.222400
-19.503180 239.838500 -19.503180 239.838500
-19.493250 238.457700 -19.493250 238.457700
-19.480990 237.073200 -19.480990 237.073200
-19.466680 235.683900 -19.466680 235.683900
-19.450140 234.291100 -19.450140 234.291100
-19.430400 232.892800 -19.430400 232.892800
-19.406600 231.492200 -19.406600 231.492200
-19.381290 230.091400 -19.381290 230.091400
-19.355550 228.687700 -19.355550 228.687700
-19.332380 227.283200 -19.332380 227.283200
-19.309360 225.870900 -19.309360 225.870900
-19.288210 224.454100 -19.288210 224.454100
-19.265260 223.033900 -19.265260 223.033900
-19.240980 221.610600 -19.240980 221.610600
-19.214900 220.186300 -19.214900 220.186300
-19.190660 218.756500 -19.190660 218.756500
-19.164740 217.328200 -19.164740 217.328200
-19.140510 215.891500 -19.140510 215.891500
-19.114920 214.452300 -19.114920 214.452300
-19.083950 213.010900 -19.083950 213.010900
-19.053200 211.570300 -19.053200 211.570300
-19.022080 210.123500 -19.022080 210.123500
-18.990380 208.672200 -18.990380 208.672200
-18.960210 207.218600 -18.960210 207.218600
-18.927860 205.758200 -18.927860 205.758200
-18.896140 204.294800 -18.896140 204.294800
-18.864760 202.831800 -18.864760 202.831800
-18.837120 201.368400 -18.837120 201.368400
-18.809040 199.909100 -18.809040 199.909100
-18.780810 198.440400 -18.780810 198.440400
-18.751930 196.976200 -18.751930 196.976200
-18.723570 195.515300 -18.723570 195.515300
-18.697180 194.055600 -18.697180 194.055600
-18.671230 192.600100 -18.671230 192.600100
-18.648030 191.144100 -18.648030 191.144100
-18.628490 189.691500 -18.628490 189.691500
-18.610370 188.242900 -18.610370 188.242900
-18.594110 186.794500 -18.594110 186.794500
-18.576860 185.352500 -18.576860 185.352500
-18.560470 183.908500 -18.560470 183.908500
-18.546000 182.468700 -18.546000 182.468700
-18.533400 181.031600 -18.533400 181.031600
-18.523150 179.601000 -18.523150 179.601000
-18.515240 178.175300 -18.515240 178.175300
-18.510720 176.750700 -18.510720 176.750700
-18.510250 175.337300 -18.510250 175.337300
-18.513260 173.929600 -18.513260 173.929600
-18.518290 172.537500 -18.518290 172.537500
-18.526710 171.156200 -18.526710 171.156200
-18.537100 169.791900 -18.537100 169.791900
-18.551690 168.447100 -18.551690 168.447100
-18.568100 167.126500 -18.568100 167.126500
-18.587040 165.821800 -18.587040 165.821800
-18.605030 164.539000 -18.605030 164.539000
-18.625420 163.279200 -18.625420 163.279200
-18.644440 162.047100 -18.644440 162.047100
-18.662110 160.837100 -18.662110 160.837100
-18.682070 159.653200 -18.682070 159.653200
-18.700430 158.492900 -18.700430 158.492900
-18.717150 157.359800 -18.717150 157.359800
-18.733440 156.250300 -18.733440 156.250300
-18.748920 155.168900 -18.748920 155.168900
-18.762310 154.117300 -18.762310 154.117300
-18.777900 153.088100 -18.777900 153.088100
-18.792390 152.087300 -18.792390 152.087300
-18.804370 151.111100 -18.804370 151.111100
-18.816420 150.162100 -18.816420 150.162100
-18.827380 149.239700 -18.827380 149.239700
-18.837660 148.339300 -18.837660 148.339300
-18.847540 147.461200 -18.847540 147.461200
-18.854760 146.598900 -18.854760 146.598900
-18.862790 145.753800 -18.862790 145.753800
-18.873760 144.922300 -18.873760 144.922300
-18.882390 144.103700 -18.882390 144.103700
-18.886270 143.302400 -18.886270 143.302400
-18.891950 142.519800 -18.891950 142.519800
-18.901260 141.752200 -18.901260 141.752200
-18.908720 140.992900 -18.908720 140.992900
-18.913480 140.242200 -18.913480 140.242200
-18.919450 139.499400 -18.919450 139.499400
-18.926770 138.765400 -18.926770 138.765400
-18.935110 138.044000 -18.935110 138.044000
-18.944380 137.329800 -18.944380 137.329800
-18.954640 136.621400 -18.954640 136.621400
-18.964310 135.917000 -18.964310 135.917000
-18.973720 135.216100 -18.973720 135.216100
-18.979110 134.516900 -18.979110 134.516900
-18.983110 133.819700 -18.983110 133.819700
-18.990970 133.123800 -18.990970 133.123800
-19.003890 132.428600 -19.003890 132.428600
-19.008200 131.740200 -19.008200 131.740200
-19.007380 131.059900 -19.007380 131.059900
-19.011690 130.377400 -19.011690 130.377400
-19.026560 129.692600 -19.026560 129.692600
-19.029760 128.995200 -19.029760 128.995200
-19.029680 128.286700 -19.029680 128.286700
-19.032910 127.563900 -19.032910 127.563900
-19.036890 126.831700 -19.036890 126.831700
-19.040930 126.090400 -19.040930 126.090400
-19.043100 125.338600 -19.043100 125.338600
-19.040600 124.575400 -19.040600 124.575400
-19.033980 123.792800 -19.033980 123.792800
-19.026090 122.991100 -19.026090 122.991100
-19.017370 122.172400 -19.017370 122.172400
-19.007880 121.337200 -19.007880 121.337200
-18.995510 120.488900 -18.995510 120.488900
-18.981100 119.622300 -18.981100 119.622300
-18.962360 118.740400 -18.962360 118.740400
-18.940890 117.841000 -18.940890 117.841000
-18.912490 116.920900 -18.912490 116.920900
-18.881640 115.984300 -18.881640 115.984300
-18.845660 115.027600 -18.845660 115.027600
-18.807380 114.057300 -18.807380 114.057300
-18.762610 113.072100 -18.762610 113.072100
-18.710960 112.070500 -18.710960 112.070500
-18.654670 111.050100 -18.654670 111.050100
-18.592730 110.010400 -18.592730 110.010400
-18.526650 108.954700 -18.526650 108.954700
-18.458450 107.884700 -18.458450 107.884700
-18.389740 106.796500 -18.389740 106.796500
-18.323770 105.692900 -18.323770 105.692900
-18.256760 104.562200 -18.256760 104.562200
-18.187250 103.411100 -18.187250 103.411100
-18.117370 102.246400 -18.117370 102.246400
-18.045040 101.074000 -18.045040 101.074000
-17.972000 99.881710 -17.972000 99.881710
-17.897560 98.671750 -17.897560 98.671750
-17.825030 97.447800 -17.825030 97.447800
-17.753740 96.208550 -17.753740 96.208550
-17.684210 94.952750 -17.684210 94.952750
-17.612700 93.677490 -17.612700 93.677490
-17.543660 92.393230 -17.543660 92.393230
-17.477100 91.090280 -17.477100 91.090280
-17.409990 89.774770 -17.409990 89.774770
-17.350650 88.454130 -17.350650 88.454130
-17.293340 87.109740 -17.293340 87.109740
-17.239750 85.737510 -17.239750 85.737510
-17.188340 84.351710 -17.188340 84.351710
-17.138470 82.956430 -17.138470 82.956430
-17.090870 81.553220 -17.090870 81.553220
-17.048280 80.126460 -17.048280 80.126460
-17.009120 78.683820 -17.009120 78.683820
-16.973620 77.227780 -16.973620 77.227780
-16.938900 75.757520 -16.938900 75.757520
-16.905380 74.284350 -16.905380 74.284350
-16.873640 72.808710 -16.873640 72.808710
-16.844870 71.334520 -16.844870 71.334520
-16.821120 69.861870 -16.821120 69.861870
-16.798510 68.394010 -16.798510 68.394010
-16.779170 66.924620 -16.779170 66.924620
-16.760190 65.456930 -16.760190 65.456930
-16.741270 63.987230 -16.741270 63.987230
-16.723740 62.522540 -16.723740 62.522540
-16.707380 61.059280 -16.707380 61.059280
-16.692610 59.588500 -16.692610 59.588500
-16.677280 58.118530 -16.677280 58.118530
-16.660670 56.651000 -16.660670 56.651000
-16.642890 55.188550 -16.642890 55.188550
-16.622860 53.735190 -16.622860 53.735190
-16.600880 52.277040 -16.600880 52.277040
-16.577770 50.820740 -16.577770 50.820740
-16.554460 49.366830 -16.554460 49.366830
-16.531540 47.911380 -16.531540 47.911380
-16.505900 46.461110 -16.505900 46.461110
-16.478250 45.013820 -16.478250 45.013820
-16.451710 43.575730 -16.451710 43.575730
-16.425350 42.136960 -16.425350 42.136960
-16.401830 40.697890 -16.401830 40.697890
-16.380030 39.261770 -16.380030 39.261770
-16.356790 37.824830 -16.356790 37.824830
-16.332450 36.396840 -16.332450 36.396840
-16.307580 34.970030 -16.307580 34.970030
-16.284740 33.544410 -16.284740 33.544410
-16.264000 32.124710 -16.264000 32.124710
-16.246080 30.707830 -16.246080 30.707830
-16.229870 29.284740 -16.229870 29.284740
-16.212760 27.867600 -16.212760 27.867600
-16.194880 26.457370 -16.194880 26.457370
-16.174820 25.050170 -16.174820 25.050170
-16.153630 23.646100 -16.153630 23.646100
-16.134070 22.248390 -16.134070 22.248390
-16.116230 20.856590 -16.116230 20.856590
-16.100440 19.472550 -16.100440 19.472550
-16.086580 18.088430 -16.086580 18.088430
-16.072580 16.708420 -16.072580 16.708420
-16.057300 15.332990 -16.057300 15.332990
-16.040390 13.962300 -16.040390 13.962300
-16.019560 12.595010 -16.019560 12.595010
-15.999870 11.221520 -15.999870 11.221520
-15.981840 9.852998 -15.981840 9.852998
-15.967530 8.487382 -15.967530 8.487382
-15.957640 7.122797 -15.957640 7.122797
-15.949560 5.763789 -15.949560 5.763789
-15.938770 4.400318 -15.938770 4.400318
-15.925900 3.038918 -15.925900 3.038918
-15.909180 1.676097 -15.909180 1.676097
-15.889630 0.308944 -15.889630 0.308944
-15.871210 -1.063172 -15.871210 -1.063172
-15.853970 -2.436523 -15.853970 -2.436523
-15.838430 -3.813595 -15.838430 -3.813595
-15.823200 -5.192326 -15.823200 -5.192326
-15.808250 -6.576470 -15.808250 -6.576470
-15.791230 -7.966034 -15.791230 -7.966034
-15.773900 -9.357139 -15.773900 -9.357139
-15.755860 -10.755220 -15.755860 -10.755220
-15.738520 -12.149930 -15.738520 -12.149930
-15.722330 -13.547460 -15.722330 -13.547460
-15.705770 -14.951030 -15.705770 -14.951030
-15.690900 -16.359140 -15.690900 -16.359140
-15.675190 -17.764350 -15.675190 -17.764350
-15.659470 -19.173510 -15.659470 -19.173510
-15.643530 -20.584150 -15.643530 -20.584150
-15.629860 -22.003930 -15.629860 -22.003930
-15.617820 -23.424390 -15.617820 -23.424390
-15.606010 -24.845040 -15.606010 -24.845040
-15.590270 -26.267830 -15.590270 -26.267830
-15.573310 -27.687980 -15.573310 -27.687980
-15.554010 -29.115360 -15.554010 -29.115360
-15.536760 -30.547830 -15.536760 -30.547830
-15.521400 -31.973090 -15.521400 -31.973090
-15.507720 -33.396130 -15.507720 -33.396130
-15.493260 -34.819990 -15.493260 -34.819990
-15.476620 -36.244480 -15.476620 -36.244480
-15.460880 -37.665580 -15.460880 -37.665580
-15.444100 -39.082170 -15.444100 -39.082170
-15.426680 -40.499010 -15.426680 -40.499010
-15.409270 -41.913880 -15.409270 -41.913880
-15.392450 -43.322590 -15.392450 -43.322590
-15.375230 -44.724650 -15.375230 -44.724650
-15.356990 -46.130410 -15.356990 -46.130410
-15.337830 -47.537950 -15.337830 -47.537950
-15.317100 -48.943980 -15.317100 -48.943980
-15.297150 -50.346600 -15.297150 -50.346600
-15.276960 -51.748500 -15.276960 -51.748500
-15.256760 -53.152720 -15.256760 -53.152720
-15.237490 -54.547940 -15.237490 -54.547940
-15.217710 -55.949500 -15.217710 -55.949500
-15.199450 -57.352120 -15.199450 -57.352120
-15.184100 -58.751410 -15.184100 -58.751410
-15.170080 -60.150690 -15.170080 -60.150690
-15.156970 -61.549360 -15.156970 -61.549360
-15.142260 -62.951490 -15.142260 -62.951490
-15.128010 -64.350760 -15.128010 -64.350760
-15.113380 -65.750740 -15.113380 -65.750740
-15.101210 -67.146530 -15.101210 -67.146530
-15.091410 -68.538780 -15.091410 -68.538780
-15.083030 -69.934620 -15.083030 -69.934620
-15.074530 -71.323260 -15.074530 -71.323260
-15.064380 -72.708390 -15.064380 -72.708390
-15.053830 -74.095270 -15.053830 -74.095270
-15.043160 -75.476240 -15.043160 -75.476240
-15.030840 -76.856420 -15.030840 -76.856420
-15.016780 -78.226460 -15.016780 -78.226460
-14.998330 -79.593250 -14.998330 -79.593250
-14.979300 -80.953600 -14.979300 -80.953600
-14.959570 -82.317280 -14.959570 -82.317280
-14.941280 -83.680530 -14.941280 -83.680530
-14.924670 -85.034950 -14.924670 -85.034950
-14.908170 -86.384010 -14.908170 -86.384010
-14.891870 -87.726730 -14.891870 -87.726730
-14.873980 -89.070400 -14.873980 -89.070400
-14.856570 -90.408010 -14.856570 -90.408010
-14.839190 -91.741120 -14.839190 -91.741120
-14.824260 -93.076720 -14.824260 -93.076720
-14.810760 -94.400390 -14.810760 -94.400390
-14.797980 -95.724360 -14.797980 -95.724360
-14.787030 -97.045510 -14.787030 -97.045510
-14.776030 -98.363410 -14.776030 -98.363410
-14.767030 -99.676600 -14.767030 -99.676600
-14.758540 -100.983800 -14.758540 -100.983800
-14.751760 -102.290300 -14.751760 -102.290300
-14.744100 -103.592600 -14.744100 -103.592600
-14.739600 -104.892000 -14.739600 -104.892000
-14.734250 -106.185800 -14.734250 -106.185800
-14.730660 -107.472800 -14.730660 -107.472800
-14.728240 -108.762900 -14.728240 -108.762900
-14.727290 -110.045900 -14.727290 -110.045900
-14.725550 -111.329100 -14.725550 -111.329100
-14.724790 -112.605400 -14.724790 -112.605400
-14.721530 -113.877100 -14.721530 -113.877100
-14.719600 -115.147700 -14.719600 -115.147700
-14.717800 -116.411100 -14.717800 -116.411100
-14.715820 -117.669100 -14.715820 -117.669100
-14.712840 -118.923800 -14.712840 -118.923800
-14.709830 -120.173400 -14.709830 -120.173400
-14.705660 -121.414100 -14.705660 -121.414100
-14.702940 -122.644900 -14.702940 -122.644900
-14.700540 -123.867100 -14.700540 -123.867100
-14.698810 -125.081500 -14.698810 -125.081500
-14.698300 -126.287100 -14.698300 -126.287100
-14.698520 -127.485200 -14.698520 -127.485200
-14.701180 -128.670400 -14.701180 -128.670400
-14.706140 -129.845300 -14.706140 -129.845300
-14.712330 -131.008900 -14.712330 -131.008900
-14.718960 -132.162100 -14.718960 -132.162100
-14.724880 -133.299600 -14.724880 -133.299600
-14.733340 -134.417400 -14.733340 -134.417400
-14.743140 -135.514000 -14.743140 -135.514000
-14.746190 -136.594200 -14.746190 -136.594200
-14.752330 -137.654200 -14.752330 -137.654200
-14.758470 -138.686900 -14.758470 -138.686900
-14.764660 -139.695700 -14.764660 -139.695700
-14.773570 -140.676300 -14.773570 -140.676300
-14.784870 -141.631100 -14.784870 -141.631100
-14.797430 -142.556200 -14.797430 -142.556200
-14.808450 -143.452200 -14.808450 -143.452200
-14.818020 -144.321100 -14.818020 -144.321100
-14.823300 -145.155000 -14.823300 -145.155000
-14.818770 -145.963300 -14.818770 -145.963300
-14.797570 -146.744500 -14.797570 -146.744500
-14.754560 -147.499200 -14.754560 -147.499200
-14.688160 -148.224500 -14.688160 -148.224500
-14.599290 -148.926000 -14.599290 -148.926000
-14.492020 -149.594700 -14.492020 -149.594700
-14.364200 -150.225000 -14.364200 -150.225000
-14.213120 -150.833500 -14.213120 -150.833500
-14.036480 -151.416200 -14.036480 -151.416200
-13.833420 -151.950400 -13.833420 -151.950400
-13.608540 -152.476900 -13.608540 -152.476900
-13.360410 -152.950200 -13.360410 -152.950200
-13.082430 -153.424000 -13.082430 -153.424000
-12.777230 -153.874300 -12.777230 -153.874300
-12.446530 -154.267200 -12.446530 -154.267200
-12.093300 -154.666400 -12.093300 -154.666400
-11.716550 -155.032800 -11.716550 -155.032800
-11.318150 -155.331000 -11.318150 -155.331000
-10.901070 -155.630100 -10.901070 -155.630100
-10.465890 -155.856400 -10.465890 -155.856400
-10.020430 -156.082600 -10.020430 -156.082600
-9.567123 -156.277800 -9.567123 -156.277800
-9.106293 -156.405900 -9.106293 -156.405900
-8.642035 -156.538900 -8.642035 -156.538900
-8.174402 -156.635100 -8.174402 -156.635100
-7.699412 -156.663100 -7.699412 -156.663100
-7.221458 -156.690300 -7.221458 -156.690300
-6.734167 -156.651000 -6.734167 -156.651000
-6.243160 -156.617100 -6.243160 -156.617100
-5.751237 -156.544400 -5.751237 -156.544400
-5.261917 -156.393600 -5.261917 -156.393600
-4.779011 -156.243900 -4.779011 -156.243900
-4.305429 -156.024400 -4.305429 -156.024400
-3.838336 -155.807800 -3.838336 -155.807800
-3.375344 -155.554100 -3.375344 -155.554100
-2.922418 -155.220900 -2.922418 -155.220900
-2.480572 -154.890600 -2.480572 -154.890600
-2.057963 -154.483900 -2.057963 -154.483900
-1.653879 -154.079500 -1.653879 -154.079500
-1.268487 -153.640100 -1.268487 -153.640100
-0.898358 -153.140900 -0.898358 -153.140900
-0.551078 -152.632500 -0.551078 -152.632500
-0.226137 -152.060600 -0.226137 -152.060600
0.062307 -151.483600 0.062307 -151.483600
0.323482 -150.879700 0.323482 -150.879700
0.552355 -150.216600 0.552355 -150.216600
0.748482 -149.549700 0.748482 -149.549700
0.912912 -148.838000 0.912912 -148.838000
1.048250 -148.112500 1.048250 -148.112500
1.163229 -147.348300 1.163229 -147.348300
1.265054 -146.566800 1.265054 -146.566800
1.348496 -145.760400 1.348496 -145.760400
1.407670 -144.926700 1.407670 -144.926700
1.444780 -144.073800 1.444780 -144.073800
1.463451 -143.197700 1.463451 -143.197700
1.469675 -142.303200 1.469675 -142.303200
1.468738 -141.386700 1.468738 -141.386700
1.471319 -140.450900 1.471319 -140.450900
1.479967 -139.492300 1.479967 -139.492300
1.489345 -138.515400 1.489345 -138.515400
1.499366 -137.518100 1.499366 -137.518100
1.504842 -136.504500 1.504842 -136.504500
1.505414 -135.473500 1.505414 -135.473500
1.504501 -134.421900 1.504501 -134.421900
1.503329 -133.351800 1.503329 -133.351800
1.501627 -132.264800 1.501627 -132.264800
1.498560 -131.160300 1.498560 -131.160300
1.491650 -130.039000 1.491650 -130.039000
1.482380 -128.899600 1.482380 -128.899600
1.470024 -127.744100 1.470024 -127.744100
1.458443 -126.576400 1.458443 -126.576400
1.447721 -125.388300 1.447721 -125.388300
1.436723 -124.185000 1.436723 -124.185000
1.426398 -122.965400 1.426398 -122.965400
1.418040 -121.734400 1.418040 -121.734400
1.413177 -120.491700 1.413177 -120.491700
1.410381 -119.231500 1.410381 -119.231500
1.407398 -117.950900 1.407398 -117.950900
1.405768 -116.657200 1.405768 -116.657200
1.402662 -115.348300 1.402662 -115.348300
1.396732 -114.029100 1.396732 -114.029100
1.385028 -112.695000 1.385028 -112.695000
1.369687 -111.340500 1.369687 -111.340500
1.351798 -109.972600 1.351798 -109.972600
1.330549 -108.592800 1.330549 -108.592800
1.308290 -107.200300 1.308290 -107.200300
1.284827 -105.791100 1.284827 -105.791100
1.259616 -104.367900 1.259616 -104.367900
1.230259 -102.932100 1.230259 -102.932100
1.202212 -101.478700 1.202212 -101.478700
1.170075 -100.007600 1.170075 -100.007600
1.142136 -98.529110 1.142136 -98.529110
1.115543 -97.026010 1.115543 -97.026010
1.089274 -95.515710 1.089274 -95.515710
1.062982 -94.002290 1.062982 -94.002290
1.036568 -92.491430 1.036568 -92.491430
1.009148 -90.982260 1.009148 -90.982260
0.984734 -89.476090 0.984734 -89.476090
0.961647 -87.973230 0.961647 -87.973230
0.939998 -86.466900 0.939998 -86.466900
0.919141 -84.967240 0.919141 -84.967240
0.899547 -83.454360 0.899547 -83.454360
0.883448 -81.949500 0.883448 -81.949500
0.867953 -80.445540 0.867953 -80.445540
0.852047 -78.942400 0.852047 -78.942400
0.838174 -77.439600 0.838174 -77.439600
0.825573 -75.934440 0.825573 -75.934440
0.813423 -74.432000 0.813423 -74.432000
0.800315 -72.936360 0.800315 -72.936360
0.784979 -71.443360 0.784979 -71.443360
0.763954 -69.956000 0.763954 -69.956000
0.745043 -68.462600 0.745043 -68.462600
0.725241 -66.971320 0.725241 -66.971320
0.710763 -65.489110 0.710763 -65.489110
0.694630 -64.005150 0.694630 -64.005150
0.677741 -62.525510 0.677741 -62.525510
0.658775 -61.045360 0.658775 -61.045360
0.637038 -59.575570 0.637038 -59.575570
0.613503 -58.103460 0.613503 -58.103460
0.585664 -56.627620 0.585664 -56.627620
0.557118 -55.160600 0.557118 -55.160600
0.525398 -53.698020 0.525398 -53.698020
0.490709 -52.236680 0.490709 -52.236680
0.456132 -50.778540 0.456132 -50.778540
0.423541 -49.322870 0.423541 -49.322870
0.392853 -47.869400 0.392853 -47.869400
0.362164 -46.417970 0.362164 -46.417970
0.333567 -44.968420 0.333567 -44.968420
0.307032 -43.525590 0.307032 -43.525590
0.280628 -42.079120 0.280628 -42.079120
0.254373 -40.636560 0.254373 -40.636560
0.228118 -39.197170 0.228118 -39.197170
0.202969 -37.762520 0.202969 -37.762520
0.177799 -36.327960 0.177799 -36.327960
0.153725 -34.895080 0.153725 -34.895080
0.132669 -33.463810 0.132669 -33.463810
0.113374 -32.036040 0.113374 -32.036040
0.097461 -30.613960 0.097461 -30.613960
0.084829 -29.193990 0.084829 -29.193990
0.072241 -27.777530 0.072241 -27.777530
0.060626 -26.355960 0.060626 -26.355960
0.052569 -24.947680 0.052569 -24.947680
0.043902 -23.543420 0.043902 -23.543420
0.037209 -22.139890 0.037209 -22.139890
0.032329 -20.738440 0.032329 -20.738440
0.029259 -19.340630 0.029259 -19.340630
0.026697 -17.943660 0.026697 -17.943660
0.025161 -16.550260 0.025161 -16.550260
0.024160 -15.166140 0.024160 -15.166140
0.023545 -13.782590 0.023545 -13.782590
0.021588 -12.403820 0.021588 -12.403820
0.015281 -11.027370 0.015281 -11.027370
0.008956 -9.654739 0.008956 -9.654739
-0.000537 -8.285137 -0.000537 -8.285137
-0.009785 -6.914129 -0.009785 -6.914129
-0.020445 -5.548032 -0.020445 -5.548032
-0.031141 -4.183286 -0.031141 -4.183286
-0.044372 -2.818515 -0.044372 -2.818515
-0.057897 -1.456295 -0.057897 -1.456295
-0.072897 -0.090700 -0.072897 -0.090700
-0.088643 1.269419 -0.088643 1.269419
-0.103171 2.629005 -0.103171 2.629005
-0.117565 3.988036 -0.117565 3.988036
-0.131883 5.344099 -0.131883 5.344099
-0.145883 6.704415 -0.145883 6.704415
-0.160177 8.059835 -0.160177 8.059835
-0.175095 9.415895 -0.175095 9.415895
-0.192609 10.771070 -0.192609 10.771070
-0.208154 12.123170 -0.208154 12.123170
-0.223104 13.477330 -0.223104 13.477330
-0.235533 14.830320 -0.235533 14.830320
-0.248220 16.180930 -0.248220 16.180930
-0.258853 17.533560 -0.258853 17.533560
-0.270914 18.883050 -0.270914 18.883050
-0.283357 20.233300 -0.283357 20.233300
-0.295209 21.580160 -0.295209 21.580160
-0.309468 22.926530 -0.309468 22.926530
-0.323376 24.273080 -0.323376 24.273080
-0.338072 25.613530 -0.338072 25.613530
-0.353458 26.954890 -0.353458 26.954890
-0.367457 28.293060 -0.367457 28.293060
-0.383673 29.623840 -0.383673 29.623840
-0.397680 30.950900 -0.397680 30.950900
-0.413998 32.282480 -0.413998 32.282480
-0.427007 33.606510 -0.427007 33.606510
-0.439757 34.926910 -0.439757 34.926910
-0.451537 36.243360 -0.451537 36.243360
-0.461529 37.554970 -0.461529 37.554970
-0.471855 38.866520 -0.471855 38.866520
-0.483912 40.173770 -0.483912 40.173770
-0.497489 41.480160 -0.497489 41.480160
-0.512504 42.778450 -0.512504 42.778450
-0.534623 44.076020 -0.534623 44.076020
-0.555204 45.373170 -0.555204 45.373170
-0.578258 46.670100 -0.578258 46.670100
-0.599992 47.961110 -0.599992 47.961110
-0.623098 49.249440 -0.623098 49.249440
-0.645636 50.527650 -0.645636 50.527650
-0.674006 51.810410 -0.674006 51.810410
-0.702063 53.087220 -0.702063 53.087220
-0.731140 54.360900 -0.731140 54.360900
-0.762477 55.629480 -0.762477 55.629480
-0.794281 56.901570 -0.794281 56.901570
-0.826899 58.170850 -0.826899 58.170850
-0.859787 59.434080 -0.859787 59.434080
-0.895091 60.694630 -0.895091 60.694630
-0.928288 61.949310 -0.928288 61.949310
-0.962179 63.207400 -0.962179 63.207400
-0.996173 64.458430 -0.996173 64.458430
-1.031828 65.710170 -1.031828 65.710170
-1.068654 66.953700 -1.068654 66.953700
-1.107414 68.191430 -1.107414 68.191430
-1.148265 69.433080 -1.148265 69.433080
-1.188155 70.668750 -1.188155 70.668750
-1.227083 71.900280 -1.227083 71.900280
-1.261385 73.127190 -1.261385 73.127190
-1.293464 74.341090 -1.293464 74.341090
-1.318225 75.543590 -1.318225 75.543590
-1.337076 76.722760 -1.337076 76.722760
-1.359396 77.886940 -1.359396 77.886940
-1.377966 79.037380 -1.377966 79.037380
-1.392300 80.159900 -1.392300 80.159900
-1.402951 81.267680 -1.402951 81.267680
-1.407266 82.366820 -1.407266 82.366820
-1.406566 83.461900 -1.406566 83.461900
-1.402636 84.557510 -1.402636 84.557510
-1.397294 85.655240 -1.397294 85.655240
-1.394094 86.751130 -1.394094 86.751130
-1.391329 87.836530 -1.391329 87.836530
-1.385563 88.919170 -1.385563 88.919170
-1.380200 89.998110 -1.380200 89.998110
-1.372397 91.075680 -1.372397 91.075680
-1.363832 92.149620 -1.363832 92.149620
-1.356111 93.218640 -1.356111 93.218640
-1.348852 94.282140 -1.348852 94.282140
-1.343107 95.344680 -1.343107 95.344680
-1.341283 96.398510 -1.341283 96.398510
-1.346362 97.452060 -1.346362 97.452060
-1.357998 98.508010 -1.357998 98.508010
-1.375059 99.570070 -1.375059 99.570070
-1.397412 100.636400 -1.397412 100.636400
-1.426691 101.710300 -1.426691 101.710300
-1.463118 102.787400 -1.463118 102.787400
-1.507808 103.868200 -1.507808 103.868200
-1.561792 104.956600 -1.561792 104.956600
-1.622720 106.050200 -1.622720 106.050200
-1.686244 107.147500 -1.686244 107.147500
-1.748773 108.251400 -1.748773 108.251400
-1.806035 109.361600 -1.806035 109.361600
-1.855701 110.482100 -1.855701 110.482100
-1.897032 111.608400 -1.897032 111.608400
-1.928092 112.743600 -1.928092 112.743600
-1.949092 113.881100 -1.949092 113.881100
-1.958712 115.026300 -1.958712 115.026300
-1.956136 116.178800 -1.956136 116.178800
-1.940135 117.341400 -1.940135 117.341400
-1.913209 118.507600 -1.913209 118.507600
-1.876270 119.683900 -1.876270 119.683900
-1.833080 120.865900 -1.833080 120.865900
-1.781388 122.056000 -1.781388 122.056000
-1.725066 123.258100 -1.725066 123.258100
-1.665951 124.465900 -1.665951 124.465900
-1.602097 125.683600 -1.602097 125.683600
-1.529042 126.909600 -1.529042 126.909600
-1.454190 128.142800 -1.454190 128.142800
-1.374919 129.386400 -1.374919 129.386400
-1.292610 130.641100 -1.292610 130.641100
-1.212752 131.910500 -1.212752 131.910500
-1.135332 133.188800 -1.135332 133.188800
-1.063477 134.480900 -1.063477 134.480900
-0.998254 135.780800 -0.998254 135.780800
-0.941991 137.088700 -0.941991 137.088700
-0.895798 138.414000 -0.895798 138.414000
-0.860070 139.749100 -0.860070 139.749100
-0.832678 141.091200 -0.832678 141.091200
-0.816625 142.451300 -0.816625 142.451300
-0.808213 143.817500 -0.808213 143.817500
-0.806307 145.190900 -0.806307 145.190900
-0.810774 146.574200 -0.810774 146.574200
-0.818199 147.962100 -0.818199 147.962100
-0.831134 149.366300 -0.831134 149.366300
-0.846513 150.779100 -0.846513 150.779100
-0.863698 152.201700 -0.863698 152.201700
-0.881861 153.629700 -0.881861 153.629700
-0.903141 155.065500 -0.903141 155.065500
-0.925229 156.508200 -0.925229 156.508200
-0.950588 157.949000 -0.950588 157.949000
-0.976517 159.391700 -0.976517 159.391700
-1.007339 160.831700 -1.007339 160.831700
-1.039444 162.271400 -1.039444 162.271400
-1.075629 163.708800 -1.075629 163.708800
-1.112662 165.144700 -1.112662 165.144700
-1.150964 166.580700 -1.150964 166.580700
-1.188887 168.014200 -1.188887 168.014200
-1.225583 169.454500 -1.225583 169.454500
-1.262468 170.887600 -1.262468 170.887600
-1.297634 172.319400 -1.297634 172.319400
-1.333194 173.746700 -1.333194 173.746700
-1.366304 175.168800 -1.366304 175.168800
-1.398479 176.592900 -1.398479 176.592900
-1.427528 178.011200 -1.427528 178.011200
-1.453391 179.425100 -1.453391 179.425100
-1.476326 180.838600 -1.476326 180.838600
-1.498241 182.250200 -1.498241 182.250200
-1.518870 183.660800 -1.518870 183.660800
-1.539735 185.061600 -1.539735 185.061600
-1.559212 186.455600 -1.559212 186.455600
-1.576113 187.848400 -1.576113 187.848400
-1.590302 189.241800 -1.590302 189.241800
-1.603074 190.634400 -1.603074 190.634400
-1.613327 192.020600 -1.613327 192.020600
-1.623756 193.400800 -1.623756 193.400800
-1.633867 194.776400 -1.633867 194.776400
-1.645539 196.150900 -1.645539 196.150900
-1.657445 197.522900 -1.657445 197.522900
-1.669867 198.889600 -1.669867 198.889600
-1.682304 200.254700 -1.682304 200.254700
-1.694878 201.611000 -1.694878 201.611000
-1.705984 202.969800 -1.705984 202.969800
-1.717412 204.322600 -1.717412 204.322600
-1.727574 205.668900 -1.727574 205.668900
-1.737778 207.012200 -1.737778 207.012200
-1.746442 208.350600 -1.746442 208.350600
-1.757196 209.690800 -1.757196 209.690800
-1.768399 211.025100 -1.768399 211.025100
-1.780005 212.350500 -1.780005 212.350500
-1.792488 213.666800 -1.792488 213.666800
-1.802728 214.966700 -1.802728 214.966700
-1.814957 216.247800 -1.814957 216.247800
-1.826714 217.507200 -1.826714 217.507200
-1.842513 218.742600 -1.842513 218.742600
-1.859734 219.950800 -1.859734 219.950800
-1.877890 221.128700 -1.877890 221.128700
-1.895168 222.285200 -1.895168 222.285200
-1.917244 223.410800 -1.917244 223.410800
-1.941670 224.505100 -1.941670 224.505100
-1.971966 225.567200 -1.971966 225.567200
-2.004581 226.603500 -2.004581 226.603500
-2.040151 227.603500 -2.040151 227.603500
-2.073778 228.574200 -2.073778 228.574200
-2.106014 229.512500 -2.106014 229.512500
-2.139617 230.414600 -2.139617 230.414600
-2.174190 231.286800 -2.174190 231.286800
-2.207888 232.126300 -2.207888 232.126300
-2.243669 232.933300 -2.243669 232.933300
-2.280068 233.718900 -2.280068 233.718900
-2.314971 234.492100 -2.314971 234.492100
-2.346879 235.265400 -2.346879 235.265400
-2.372559 236.037200 -2.372559 236.037200
-2.391165 236.807500 -2.391165 236.807500
-2.406340 237.576200 -2.406340 237.576200
-2.421540 238.338400 -2.421540 238.338400
-2.438172 239.102100 -2.438172 239.102100
-2.449188 239.859300 -2.449188 239.859300
-2.457471 240.613800 -2.457471 240.613800
-2.464848 241.365200 -2.464848 241.365200
-2.471118 242.113000 -2.471118 242.113000
-2.477940 242.858500 -2.477940 242.858500
-2.481229 243.601200 -2.481229 243.601200
-2.485941 244.338300 -2.485941 244.338300
-2.487604 245.075200 -2.487604 245.075200
-2.493249 245.816400 -2.493249 245.816400
-2.494730 246.562300 -2.494730 246.562300
-2.497272 247.315700 -2.497272 247.315700
-2.498606 248.072300 -2.498606 248.072300
-2.503085 248.832900 -2.503085 248.832900
-2.506486 249.599100 -2.506486 249.599100
-2.508505 250.366500 -2.508505 250.366500
-2.505563 251.139500 -2.505563 251.139500
-2.503453 251.921600 -2.503453 251.921600
-2.508541 252.711600 -2.508541 252.711600
-2.507121 253.508800 -2.507121 253.508800
-2.498934 254.303700 -2.498934 254.303700
-2.491981 255.099000 -2.491981 255.099000
-2.485561 255.900000 -2.485561 255.900000
-2.475778 256.706800 -2.475778 256.706800
-2.461593 257.525900 -2.461593 257.525900
-2.442073 258.348100 -2.442073 258.348100
-2.418788 259.175900 -2.418788 259.175900
-2.398099 260.007200 -2.398099 260.007200
-2.379400 260.843600 -2.379400 260.843600
-2.357178 261.687800 -2.357178 261.687800
-2.331649 262.540800 -2.331649 262.540800
-2.305211 263.407800 -2.305211 263.407800
-2.278446 264.282700 -2.278446 264.282700
-2.248880 265.167000 -2.248880 265.167000
-2.217026 266.059300 -2.217026 266.059300
-2.181048 266.960400 -2.181048 266.960400
-2.144562 267.869300 -2.144562 267.869300
-2.107091 268.787200 -2.107091 268.787200
-2.072995 269.711700 -2.072995 269.711700
-2.039857 270.643500 -2.039857 270.643500
-2.008137 271.578000 -2.008137 271.578000
-1.977183 272.515600 -1.977183 272.515600
-1.948577 273.451100 -1.948577 273.451100
-1.923694 274.386800 -1.923694 274.386800
-1.903306 275.322000 -1.903306 275.322000
-1.886301 276.255600 -1.886301 276.255600
-1.871958 277.189400 -1.871958 277.189400
-1.860171 278.121700 -1.860171 278.121700
-1.850165 279.054900 -1.850165 279.054900
-1.841130 279.982200 -1.841130 279.982200
-1.834878 280.906700 -1.834878 280.906700
-1.829538 281.828400 -1.829538 281.828400
-1.824423 282.747200 -1.824423 282.747200
-1.820378 283.662600 -1.820378 283.662600
-1.819188 284.573800 -1.819188 284.573800
-1.820078 285.472900 -1.820078 285.472900
-1.821293 286.355900 -1.821293 286.355900
-1.824665 287.216500 -1.824665 287.216500
-1.831132 288.060200 -1.831132 288.060200
-1.835812 288.890500 -1.835812 288.890500
-1.838573 289.716900 -1.838573 289.716900
-1.841599 290.541600 -1.841599 290.541600
-1.843827 291.365700 -1.843827 291.365700
-1.844053 292.185700 -1.844053 292.185700
-1.843243 293.000400 -1.843243 293.000400
-1.840209 293.812200 -1.840209 293.812200
-1.836186 294.619900 -1.836186 294.619900
-1.829836 295.428400 -1.829836 295.428400
-1.823832 296.231700 -1.823832 296.231700
-1.817940 297.030900 -1.817940 297.030900
-1.814744 297.828300 -1.814744 297.828300
-1.812035 298.624300 -1.812035 298.624300
-1.809517 299.422600 -1.809517 299.422600
-1.807621 300.223200 -1.807621 300.223200
