0.000000 0.000000 0.000000 0.000000
-0.004597 0.091543 -0.004597 0.091543
-0.010011 0.185737 -0.010011 0.185737
-0.017534 0.283467 -0.017534 0.283467
-0.028632 0.387310 -0.028632 0.387310
-0.042737 0.501140 -0.042737 0.501140
-0.060000 0.627936 -0.060000 0.627936
-0.082757 0.766940 -0.082757 0.766940
-0.109050 0.919180 -0.109050 0.919180
-0.141534 1.081913 -0.141534 1.081913
-0.181606 1.251378 -0.181606 1.251378
-0.232564 1.425643 -0.232564 1.425643
-0.293459 1.604140 -0.293459 1.604140
-0.361651 1.788640 -0.361651 1.788640
-0.436624 1.979231 -0.436624 1.979231
-0.522492 2.173020 -0.522492 2.173020
-0.620094 2.368741 -0.620094 2.368741
-0.724845 2.565689 -0.724845 2.565689
-0.839493 2.758285 -0.839493 2.758285
-0.968759 2.950416 -0.968759 2.950416
-1.103633 3.142085 -1.103633 3.142085
-1.242764 3.333105 -1.242764 3.333105
-1.392475 3.523028 -1.392475 3.523028
-1.564446 3.706267 -1.564446 3.706267
-1.761568 3.880703 -1.761568 3.880703
-1.969361 4.049498 -1.969361 4.049498
-2.187835 4.215884 -2.187835 4.215884
-2.415527 4.382391 -2.415527 4.382391
-2.663146 4.540774 -2.663146 4.540774
-2.929115 4.687680 -2.929115 4.687680
-3.215512 4.824434 -3.215512 4.824434
-3.517839 4.948178 -3.517839 4.948178
-3.836955 5.057271 -3.836955 5.057271
-4.177130 5.153468 -4.177130 5.153468
-4.534335 5.233794 -4.534335 5.233794
-4.911075 5.302451 -4.911075 5.302451
-5.299329 5.360943 -5.299329 5.360943
-5.701357 5.401694 -5.701357 5.401694
-6.122091 5.421290 -6.122091 5.421290
-6.558994 5.427674 -6.558994 5.427674
-7.009091 5.424017 -7.009091 5.424017
-7.473426 5.410697 -7.473426 5.410697
-7.950411 5.389282 -7.950411 5.389282
-8.444612 5.353644 -8.444612 5.353644
-8.953007 5.310729 -8.953007 5.310729
-9.480377 5.263869 -9.480377 5.263869
-10.023020 5.211227 -10.023020 5.211227
-10.579210 5.153075 -10.579210 5.153075
-11.152740 5.088360 -11.152740 5.088360
-11.739410 5.025880 -11.739410 5.025880
-12.344120 4.964841 -12.344120 4.964841
-12.964270 4.901812 -12.964270 4.901812
-13.600150 4.835681 -13.600150 4.835681
-14.251640 4.767225 -14.251640 4.767225
-14.913410 4.697363 -14.913410 4.697363
-15.593720 4.629999 -15.593720 4.629999
-16.290980 4.563302 -16.290980 4.563302
-17.004780 4.494630 -17.004780 4.494630
-17.733220 4.426532 -17.733220 4.426532
-18.471830 4.359249 -18.471830 4.359249
-19.224270 4.290984 -19.224270 4.290984
-19.988330 4.223122 -19.988330 4.223122
-20.773100 4.161929 -20.773100 4.161929
-21.564480 4.100217 -21.564480 4.100217
-22.364190 4.035961 -22.364190 4.035961
-23.164150 3.971019 -23.164150 3.971019
-23.969500 3.908970 -23.969500 3.908970
-24.789470 3.849052 -24.789470 3.849052
-25.618860 3.786079 -25.618860 3.786079
-26.461360 3.716343 -26.461360 3.716343
-27.307550 3.644752 -27.307550 3.644752
-28.152870 3.569541 -28.152870 3.569541
-28.997620 3.492898 -28.997620 3.492898
-29.837210 3.418460 -29.837210 3.418460
-30.674240 3.346046 -30.674240 3.346046
-31.515860 3.271990 -31.515860 3.271990
-32.354420 3.198821 -32.354420 3.198821
-33.195170 3.123626 -33.195170 3.123626
-34.026260 3.051261 -34.026260 3.051261
-34.860040 2.980358 -34.860040 2.980358
-35.696390 2.910621 -35.696390 2.910621
-36.533450 2.843137 -36.533450 2.843137
-37.373750 2.775070 -37.373750 2.775070
-38.214760 2.706985 -38.214760 2.706985
-39.049180 2.638855 -39.049180 2.638855
-39.881670 2.572257 -39.881670 2.572257
-40.711710 2.504806 -40.711710 2.504806
-41.538400 2.436154 -41.538400 2.436154
-42.365200 2.363072 -42.365200 2.363072
-43.191430 2.290205 -43.191430 2.290205
-44.015190 2.223683 -44.015190 2.223683
-44.838830 2.160908 -44.838830 2.160908
-45.661210 2.096619 -45.661210 2.096619
-46.483350 2.028253 -46.483350 2.028253
-47.307440 1.959122 -47.307440 1.959122
-48.123330 1.890493 -48.123330 1.890493
-48.933140 1.820295 -48.933140 1.820295
-49.735530 1.740695 -49.735530 1.740695
-50.532520 1.659366 -50.532520 1.659366
-51.328710 1.575304 -51.328710 1.575304
-52.122760 1.493752 -52.122760 1.493752
-52.915900 1.416807 -52.915900 1.416807
-53.701960 1.337479 -53.701960 1.337479
-54.484000 1.258994 -54.484000 1.258994
-55.263030 1.184702 -55.263030 1.184702
-56.038080 1.110756 -56.038080 1.110756
-56.810740 1.032637 -56.810740 1.032637
-57.574600 0.956539 -57.574600 0.956539
-58.330390 0.883063 -58.330390 0.883063
-59.077590 0.810007 -59.077590 0.810007
-59.810400 0.735968 -59.810400 0.735968
-60.536580 0.662366 -60.536580 0.662366
-61.245480 0.591948 -61.245480 0.591948
-61.940330 0.523760 -61.940330 0.523760
-62.620220 0.461718 -62.620220 0.461718
-63.285510 0.408841 -63.285510 0.408841
-63.935460 0.362295 -63.935460 0.362295
-64.570470 0.320188 -64.570470 0.320188
-65.189910 0.285958 -65.189910 0.285958
-65.791360 0.262767 -65.791360 0.262767
-66.375630 0.255567 -66.375630 0.255567
-66.937030 0.264620 -66.937030 0.264620
-67.476730 0.294170 -67.476730 0.294170
-67.990520 0.345560 -67.990520 0.345560
-68.482140 0.416481 -68.482140 0.416481
-68.954120 0.504881 -68.954120 0.504881
-69.403760 0.611089 -69.403760 0.611089
-69.848460 0.741967 -69.848460 0.741967
-70.270470 0.895575 -70.270470 0.895575
-70.681710 1.080744 -70.681710 1.080744
-71.068610 1.285746 -71.068610 1.285746
-71.451440 1.513560 -71.451440 1.513560
-71.814190 1.753829 -71.814190 1.753829
-72.170750 2.013647 -72.170750 2.013647
-72.507420 2.296944 -72.507420 2.296944
-72.810710 2.601772 -72.810710 2.601772
-73.108550 2.908665 -73.108550 2.908665
-73.385240 3.220823 -73.385240 3.220823
-73.659320 3.554385 -73.659320 3.554385
-73.913330 3.911270 -73.913330 3.911270
-74.165880 4.300551 -74.165880 4.300551
-74.401710 4.718510 -74.401710 4.718510
-74.615150 5.155827 -74.615150 5.155827
-74.825600 5.623155 -74.825600 5.623155
-75.018160 6.110247 -75.018160 6.110247
-75.205570 6.618096 -75.205570 6.618096
-75.379890 7.151976 -75.379890 7.151976
-75.539300 7.706095 -75.539300 7.706095
-75.691960 8.281091 -75.691960 8.281091
-75.836980 8.874404 -75.836980 8.874404
-75.980690 9.486418 -75.980690 9.486418
-76.122250 10.112200 -76.122250 10.112200
-76.258040 10.755220 -76.258040 10.755220
-76.379030 11.414990 -76.379030 11.414990
-76.492940 12.091500 -76.492940 12.091500
-76.602030 12.784220 -76.602030 12.784220
-76.702710 13.494070 -76.702710 13.494070
-76.796580 14.212500 -76.796580 14.212500
-76.884620 14.945450 -76.884620 14.945450
-76.964630 15.687850 -76.964630 15.687850
-77.040910 16.446840 -77.040910 16.446840
-77.118730 17.218560 -77.118730 17.218560
-77.198810 17.993590 -77.198810 17.993590
-77.272010 18.767540 -77.272010 18.767540
-77.337230 19.534010 -77.337230 19.534010
-77.402440 20.301510 -77.402440 20.301510
-77.463740 21.072460 -77.463740 21.072460
-77.521130 21.842960 -77.521130 21.842960
-77.573400 22.614340 -77.573400 22.614340
-77.622100 23.377660 -77.622100 23.377660
-77.676750 24.138270 -77.676750 24.138270
-77.734200 24.898110 -77.734200 24.898110
-77.789610 25.654780 -77.789610 25.654780
-77.846140 26.421910 -77.846140 26.421910
-77.908780 27.180670 -77.908780 27.180670
-77.968970 27.939230 -77.968970 27.939230
-78.020070 28.692000 -78.020070 28.692000
-78.064690 29.440670 -78.064690 29.440670
-78.109700 30.192770 -78.109700 30.192770
-78.155480 30.945690 -78.155480 30.945690
-78.198100 31.701300 -78.198100 31.701300
-78.242330 32.464130 -78.242330 32.464130
-78.294980 33.230790 -78.294980 33.230790
-78.346240 34.000930 -78.346240 34.000930
-78.399280 34.776850 -78.399280 34.776850
-78.449740 35.561520 -78.449740 35.561520
-78.507180 36.347540 -78.507180 36.347540
-78.571520 37.143470 -78.571520 37.143470
-78.636170 37.937520 -78.636170 37.937520
-78.700400 38.735230 -78.700400 38.735230
-78.762700 39.546020 -78.762700 39.546020
-78.828620 40.364540 -78.828620 40.364540
-78.895930 41.194680 -78.895930 41.194680
-78.959890 42.030640 -78.959890 42.030640
-79.028970 42.874290 -79.028970 42.874290
-79.100340 43.724740 -79.100340 43.724740
-79.171300 44.578940 -79.171300 44.578940
-79.246680 45.438630 -79.246680 45.438630
-79.318630 46.299200 -79.318630 46.299200
-79.384920 47.162960 -79.384920 47.162960
-79.445270 48.031660 -79.445270 48.031660
-79.508610 48.902070 -79.508610 48.902070
-79.573760 49.778950 -79.573760 49.778950
-79.633920 50.656300 -79.633920 50.656300
-79.697420 51.529450 -79.697420 51.529450
-79.764680 52.396640 -79.764680 52.396640
-79.833580 53.254800 -79.833580 53.254800
-79.900390 54.113500 -79.900390 54.113500
-79.969640 54.965620 -79.969640 54.965620
-80.032590 55.819060 -80.032590 55.819060
-80.092730 56.670630 -80.092730 56.670630
-80.155580 57.526890 -80.155580 57.526890
-80.222440 58.377750 -80.222440 58.377750
-80.280860 59.213100 -80.280860 59.213100
-80.338710 60.042640 -80.338710 60.042640
-80.403050 60.872230 -80.403050 60.872230
-80.474010 61.695670 -80.474010 61.695670
-80.549720 62.513650 -80.549720 62.513650
-80.620890 63.327870 -80.620890 63.327870
-80.696040 64.136290 -80.696040 64.136290
-80.778100 64.945080 -80.778100 64.945080
-80.859670 65.752790 -80.859670 65.752790
-80.945180 66.559290 -80.945180 66.559290
-81.034080 67.363500 -81.034080 67.363500
-81.123410 68.159990 -81.123410 68.159990
-81.219160 68.948800 -81.219160 68.948800
-81.316850 69.739550 -81.316850 69.739550
-81.421640 70.520300 -81.421640 70.520300
-81.542260 71.291910 -81.542260 71.291910
-81.663680 72.059430 -81.663680 72.059430
-81.783440 72.821930 -81.783440 72.821930
-81.910890 73.584740 -81.910890 73.584740
-82.049100 74.343350 -82.049100 74.343350
-82.186570 75.101240 -82.186570 75.101240
-82.326990 75.851980 -82.326990 75.851980
-82.467090 76.594700 -82.467090 76.594700
-82.614160 77.331610 -82.614160 77.331610
-82.765640 78.069230 -82.765640 78.069230
-82.930340 78.807770 -82.930340 78.807770
-83.101190 79.544110 -83.101190 79.544110
-83.284090 80.280970 -83.284090 80.280970
-83.467260 81.010600 -83.467260 81.010600
-83.657900 81.725680 -83.657900 81.725680
-83.856430 82.430700 -83.856430 82.430700
-84.057420 83.140380 -84.057420 83.140380
-84.265820 83.862390 -84.265820 83.862390
-84.492780 84.584160 -84.492780 84.584160
-84.727510 85.302990 -84.727510 85.302990
-84.965070 86.011740 -84.965070 86.011740
-85.212300 86.715560 -85.212300 86.715560
-85.468790 87.417010 -85.468790 87.417010
-85.726680 88.118040 -85.726680 88.118040
-85.996320 88.820790 -85.996320 88.820790
-86.280290 89.521110 -86.280290 89.521110
-86.569050 90.215530 -86.569050 90.215530
-86.860390 90.918090 -86.860390 90.918090
-87.158780 91.621940 -87.158780 91.621940
-87.476320 92.318500 -87.476320 92.318500
-87.802500 93.003510 -87.802500 93.003510
-88.117950 93.686980 -88.117950 93.686980
-88.427840 94.375770 -88.427840 94.375770
-88.749010 95.068170 -88.749010 95.068170
-89.084520 95.766060 -89.084520 95.766060
-89.416370 96.465710 -89.416370 96.465710
-89.747960 97.163510 -89.747960 97.163510
-90.084950 97.849760 -90.084950 97.849760
-90.426650 98.534740 -90.426650 98.534740
-90.774930 99.219550 -90.774930 99.219550
-91.131040 99.909500 -91.131040 99.909500
-91.487030 100.594800 -91.487030 100.594800
-91.840000 101.277400 -91.840000 101.277400
-92.196170 101.954100 -92.196170 101.954100
-92.552940 102.627300 -92.552940 102.627300
-92.914780 103.296100 -92.914780 103.296100
-93.283210 103.960100 -93.283210 103.960100
-93.650460 104.618700 -93.650460 104.618700
-94.015070 105.267400 -94.015070 105.267400
-94.382110 105.910300 -94.382110 105.910300
-94.748240 106.547200 -94.748240 106.547200
-95.123350 107.187800 -95.123350 107.187800
-95.496210 107.823300 -95.496210 107.823300
-95.864510 108.452900 -95.864510 108.452900
-96.223200 109.067700 -96.223200 109.067700
-96.574020 109.668300 -96.574020 109.668300
-96.920770 110.248100 -96.920770 110.248100
-97.263380 110.813500 -97.263380 110.813500
-97.600830 111.365400 -97.600830 111.365400
-97.924330 111.902500 -97.924330 111.902500
-98.241750 112.423300 -98.241750 112.423300
-98.550270 112.925200 -98.550270 112.925200
-98.843480 113.405600 -98.843480 113.405600
-99.124850 113.865700 -99.124850 113.865700
-99.396820 114.302300 -99.396820 114.302300
-99.664230 114.717300 -99.664230 114.717300
-99.918840 115.113700 -99.918840 115.113700
-100.162300 115.494100 -100.162300 115.494100
-100.399300 115.860800 -100.399300 115.860800
-100.633200 116.204600 -100.633200 116.204600
-100.865200 116.528600 -100.865200 116.528600
-101.090400 116.834800 -101.090400 116.834800
-101.305600 117.126600 -101.305600 117.126600
-101.506000 117.401100 -101.506000 117.401100
-101.692900 117.657400 -101.692900 117.657400
-101.873900 117.899200 -101.873900 117.899200
-102.051300 118.122000 -102.051300 118.122000
-102.229200 118.325600 -102.229200 118.325600
-102.405300 118.508600 -102.405300 118.508600
-102.576000 118.681500 -102.576000 118.681500
-102.742000 118.838000 -102.742000 118.838000
-102.901800 118.981600 -102.901800 118.981600
-103.068400 119.116000 -103.068400 119.116000
-103.245000 119.242200 -103.245000 119.242200
-103.418300 119.366800 -103.418300 119.366800
-103.594700 119.497600 -103.594700 119.497600
-103.773100 119.623800 -103.773100 119.623800
-103.954800 119.734800 -103.954800 119.734800
-104.148100 119.838400 -104.148100 119.838400
-104.338500 119.934200 -104.338500 119.934200
-104.533600 120.029100 -104.533600 120.029100
-104.733000 120.113700 -104.733000 120.113700
-104.931200 120.185400 -104.931200 120.185400
-105.136200 120.256600 -105.136200 120.256600
-105.343700 120.328300 -105.343700 120.328300
-105.558200 120.388600 -105.558200 120.388600
-105.801600 120.452000 -105.801600 120.452000
-106.056500 120.500300 -106.056500 120.500300
-106.340800 120.553600 -106.340800 120.553600
-106.640800 120.599400 -106.640800 120.599400
-106.946000 120.620600 -106.946000 120.620600
-107.279500 120.640200 -107.279500 120.640200
-107.630100 120.643400 -107.630100 120.643400
-107.973300 120.616300 -107.973300 120.616300
-108.346800 120.590800 -108.346800 120.590800
-108.711300 120.530800 -108.711300 120.530800
-109.103400 120.464800 -109.103400 120.464800
-109.503900 120.376400 -109.503900 120.376400
-109.893600 120.252600 -109.893600 120.252600
-110.310500 120.121200 -110.310500 120.121200
-110.735800 119.968800 -110.735800 119.968800
-111.159800 119.776100 -111.159800 119.776100
-111.603700 119.568800 -111.603700 119.568800
-112.041900 119.324800 -112.041900 119.324800
-112.496700 119.062200 -112.496700 119.062200
-112.959900 118.768600 -112.959900 118.768600
-113.421500 118.447000 -113.421500 118.447000
-113.898700 118.106700 -113.898700 118.106700
-114.379000 117.749200 -114.379000 117.749200
-114.875600 117.375500 -114.875600 117.375500
-115.384500 116.988900 -115.384500 116.988900
-115.907200 116.587500 -115.907200 116.587500
-116.439400 116.170500 -116.439400 116.170500
-116.978000 115.737300 -116.978000 115.737300
-117.526800 115.291900 -117.526800 115.291900
-118.086400 114.835200 -118.086400 114.835200
-118.659900 114.366200 -118.659900 114.366200
-119.239600 113.887400 -119.239600 113.887400
-119.835100 113.394700 -119.835100 113.394700
-120.438900 112.893300 -120.438900 112.893300
-121.056900 112.381200 -121.056900 112.381200
-121.687000 111.857700 -121.687000 111.857700
-122.328200 111.322200 -122.328200 111.322200
-122.970400 110.772800 -122.970400 110.772800
-123.625800 110.213500 -123.625800 110.213500
-124.284900 109.650200 -124.284900 109.650200
-124.956200 109.079800 -124.956200 109.079800
-125.636900 108.500600 -125.636900 108.500600
-126.332000 107.913600 -126.332000 107.913600
-127.037200 107.317900 -127.037200 107.317900
-127.745300 106.713200 -127.745300 106.713200
-128.461900 106.101400 -128.461900 106.101400
-129.186000 105.482400 -129.186000 105.482400
-129.919300 104.851500 -129.919300 104.851500
-130.662300 104.214900 -130.662300 104.214900
-131.413200 103.574400 -131.413200 103.574400
-132.164800 102.938600 -132.164800 102.938600
-132.923400 102.303500 -132.923400 102.303500
-133.679900 101.668100 -133.679900 101.668100
-134.435700 101.030100 -134.435700 101.030100
-135.189200 100.390400 -135.189200 100.390400
-135.946500 99.751070 -135.946500 99.751070
-136.710500 99.108510 -136.710500 99.108510
-137.468500 98.469440 -137.468500 98.469440
-138.227400 97.827850 -138.227400 97.827850
-138.990100 97.182690 -138.990100 97.182690
-139.748000 96.546090 -139.748000 96.546090
-140.511100 95.904220 -140.511100 95.904220
-141.265600 95.262590 -141.265600 95.262590
-142.020800 94.620440 -142.020800 94.620440
-142.770400 93.978890 -142.770400 93.978890
-143.529400 93.337000 -143.529400 93.337000
-144.286200 92.690670 -144.286200 92.690670
-145.040900 92.048920 -145.040900 92.048920
-145.794000 91.410520 -145.794000 91.410520
-146.547500 90.774040 -146.547500 90.774040
-147.307200 90.139280 -147.307200 90.139280
-148.070400 89.503210 -148.070400 89.503210
-148.833300 88.871460 -148.833300 88.871460
-149.600500 88.236960 -149.600500 88.236960
-150.359100 87.606830 -150.359100 87.606830
-151.113400 86.978090 -151.113400 86.978090
-151.867100 86.349890 -151.867100 86.349890
-152.621800 85.718940 -152.621800 85.718940
-153.379000 85.085390 -153.379000 85.085390
-154.132200 84.456760 -154.132200 84.456760
-154.882300 83.832150 -154.882300 83.832150
-155.629200 83.206150 -155.629200 83.206150
-156.374300 82.579060 -156.374300 82.579060
-157.119000 81.951460 -157.119000 81.951460
-157.861400 81.326710 -157.861400 81.326710
-158.603200 80.703490 -158.603200 80.703490
-159.335800 80.083830 -159.335800 80.083830
-160.058500 79.464550 -160.058500 79.464550
-160.780400 78.844280 -160.780400 78.844280
-161.500000 78.224870 -161.500000 78.224870
-162.221300 77.608580 -162.221300 77.608580
-162.940200 76.994110 -162.940200 76.994110
-163.658500 76.382230 -163.658500 76.382230
-164.376700 75.774280 -164.376700 75.774280
-165.093000 75.170180 -165.093000 75.170180
-165.808100 74.566370 -165.808100 74.566370
-166.524800 73.967130 -166.524800 73.967130
-167.241800 73.372100 -167.241800 73.372100
-167.955200 72.778380 -167.955200 72.778380
-168.668400 72.191080 -168.668400 72.191080
-169.381200 71.612670 -169.381200 71.612670
-170.084400 71.035580 -170.084400 71.035580
-170.783100 70.468000 -170.783100 70.468000
-171.472200 69.905700 -171.472200 69.905700
-172.158800 69.352610 -172.158800 69.352610
-172.829900 68.807490 -172.829900 68.807490
-173.493900 68.269990 -173.493900 68.269990
-174.145100 67.739150 -174.145100 67.739150
-174.785600 67.216050 -174.785600 67.216050
-175.419300 66.698150 -175.419300 66.698150
-176.044700 66.188350 -176.044700 66.188350
-176.663800 65.684200 -176.663800 65.684200
-177.274500 65.185390 -177.274500 65.185390
-177.868300 64.689340 -177.868300 64.689340
-178.444800 64.197390 -178.444800 64.197390
-179.007800 63.712230 -179.007800 63.712230
-179.561200 63.240710 -179.561200 63.240710
-180.100300 62.765190 -180.100300 62.765190
-180.624900 62.311410 -180.624900 62.311410
-181.141600 61.860560 -181.141600 61.860560
-181.648600 61.419590 -181.648600 61.419590
-182.142200 60.980050 -182.142200 60.980050
-182.622300 60.545300 -182.622300 60.545300
-183.088500 60.110320 -183.088500 60.110320
-183.536900 59.672520 -183.536900 59.672520
-183.974700 59.235700 -183.974700 59.235700
-184.404500 58.801210 -184.404500 58.801210
-184.812200 58.360660 -184.812200 58.360660
-185.198200 57.912030 -185.198200 57.912030
-185.549500 57.458340 -185.549500 57.458340
-185.879800 57.000330 -185.879800 57.000330
-186.187100 56.537570 -186.187100 56.537570
-186.455000 56.066080 -186.455000 56.066080
-186.715200 55.596830 -186.715200 55.596830
-186.944500 55.125640 -186.944500 55.125640
-187.120600 54.647590 -187.120600 54.647590
-187.283500 54.170850 -187.283500 54.170850
-187.422700 53.694160 -187.422700 53.694160
-187.525600 53.213090 -187.525600 53.213090
-187.630700 52.737100 -187.630700 52.737100
-187.691500 52.252760 -187.691500 52.252760
-187.748500 51.772320 -187.748500 51.772320
-187.772300 51.290980 -187.772300 51.290980
-187.741400 50.803410 -187.741400 50.803410
-187.716500 50.330420 -187.716500 50.330420
-187.682800 49.867160 -187.682800 49.867160
-187.604500 49.403750 -187.604500 49.403750
-187.519800 48.954720 -187.519800 48.954720
-187.385600 48.508720 -187.385600 48.508720
-187.245400 48.083220 -187.245400 48.083220
-187.091900 47.667580 -187.091900 47.667580
-186.905000 47.249800 -186.905000 47.249800
-186.714200 46.840890 -186.714200 46.840890
-186.478200 46.430560 -186.478200 46.430560
-186.243300 46.024980 -186.243300 46.024980
-185.999900 45.620570 -185.999900 45.620570
-185.743700 45.217520 -185.743700 45.217520
-185.476200 44.824940 -185.476200 44.824940
-185.190400 44.433500 -185.190400 44.433500
-184.898100 44.044150 -184.898100 44.044150
-184.597100 43.651480 -184.597100 43.651480
-184.287400 43.257150 -184.287400 43.257150
-183.968900 42.858990 -183.968900 42.858990
-183.643400 42.456350 -183.643400 42.456350
-183.313300 42.046060 -183.313300 42.046060
-182.972800 41.628580 -182.972800 41.628580
-182.624700 41.204340 -182.624700 41.204340
-182.260800 40.777400 -182.260800 40.777400
-181.887200 40.344680 -181.887200 40.344680
-181.501200 39.894890 -181.501200 39.894890
-181.116600 39.432450 -181.116600 39.432450
-180.726700 38.951790 -180.726700 38.951790
-180.326500 38.461470 -180.326500 38.461470
-179.912100 37.965090 -179.912100 37.965090
-179.492700 37.459110 -179.492700 37.459110
-179.063500 36.937390 -179.063500 36.937390
-178.623900 36.394180 -178.623900 36.394180
-178.162100 35.849180 -178.162100 35.849180
-177.684200 35.296160 -177.684200 35.296160
-177.199700 34.726890 -177.199700 34.726890
-176.710600 34.142700 -176.710600 34.142700
-176.207900 33.538890 -176.207900 33.538890
-175.695500 32.922070 -175.695500 32.922070
-175.171800 32.296660 -175.171800 32.296660
-174.638800 31.664970 -174.638800 31.664970
-174.105200 31.022040 -174.105200 31.022040
-173.559000 30.363270 -173.559000 30.363270
-173.002100 29.695990 -173.002100 29.695990
-172.438200 29.023580 -172.438200 29.023580
-171.867000 28.346750 -171.867000 28.346750
-171.288100 27.660600 -171.288100 27.660600
-170.709300 26.963320 -170.709300 26.963320
-170.123400 26.259270 -170.123400 26.259270
-169.531400 25.546220 -169.531400 25.546220
-168.934200 24.823580 -168.934200 24.823580
-168.337100 24.097840 -168.337100 24.097840
-167.743400 23.368700 -167.743400 23.368700
-167.159100 22.639200 -167.159100 22.639200
-166.581500 21.908660 -166.581500 21.908660
-166.000100 21.179590 -166.000100 21.179590
-165.412900 20.448420 -165.412900 20.448420
-164.835100 19.714670 -164.835100 19.714670
-164.256700 18.992520 -164.256700 18.992520
-163.677800 18.280240 -163.677800 18.280240
-163.104500 17.573870 -163.104500 17.573870
-162.525100 16.856800 -162.525100 16.856800
-161.950500 16.143890 -161.950500 16.143890
-161.377300 15.429150 -161.377300 15.429150
-160.802600 14.712060 -160.802600 14.712060
-160.241500 14.013830 -160.241500 14.013830
-159.682200 13.303470 -159.682200 13.303470
-159.133800 12.590960 -159.133800 12.590960
-158.602700 11.875860 -158.602700 11.875860
-158.088000 11.153610 -158.088000 11.153610
-157.593300 10.423110 -157.593300 10.423110
-157.107900 9.685989 -157.107900 9.685989
-156.652500 8.940913 -156.652500 8.940913
-156.213700 8.187478 -156.213700 8.187478
-155.811300 7.419730 -155.811300 7.419730
-155.433700 6.640524 -155.433700 6.640524
-155.073600 5.854252 -155.073600 5.854252
-154.755100 5.066725 -154.755100 5.066725
-154.451100 4.275819 -154.451100 4.275819
-154.179900 3.475256 -154.179900 3.475256
-153.918600 2.660279 -153.918600 2.660279
-153.690900 1.836084 -153.690900 1.836084
-153.486300 1.004297 -153.486300 1.004297
-153.295200 0.164283 -153.295200 0.164283
-153.116700 -0.684920 -153.116700 -0.684920
-152.946300 -1.551019 -152.946300 -1.551019
-152.793600 -2.422346 -152.793600 -2.422346
-152.659200 -3.301845 -152.659200 -3.301845
-152.534700 -4.184410 -152.534700 -4.184410
-152.422400 -5.081774 -152.422400 -5.081774
-152.323800 -6.003442 -152.323800 -6.003442
-152.230100 -6.932667 -152.230100 -6.932667
-152.134400 -7.875658 -152.134400 -7.875658
-152.034900 -8.818435 -152.034900 -8.818435
-151.930900 -9.767273 -151.930900 -9.767273
-151.822200 -10.723430 -151.822200 -10.723430
-151.705400 -11.696490 -151.705400 -11.696490
-151.590600 -12.686010 -151.590600 -12.686010
-151.479600 -13.684360 -151.479600 -13.684360
-151.368100 -14.689410 -151.368100 -14.689410
-151.253900 -15.709740 -151.253900 -15.709740
-151.138500 -16.729960 -151.138500 -16.729960
-151.018300 -17.760610 -151.018300 -17.760610
-150.898600 -18.794450 -150.898600 -18.794450
-150.778700 -19.836290 -150.778700 -19.836290
-150.658400 -20.884570 -150.658400 -20.884570
-150.541800 -21.935240 -150.541800 -21.935240
-150.428700 -22.987770 -150.428700 -22.987770
-150.317300 -24.039630 -150.317300 -24.039630
-150.210000 -25.093940 -150.210000 -25.093940
-150.100800 -26.148050 -150.100800 -26.148050
-149.995500 -27.198720 -149.995500 -27.198720
-149.891500 -28.243180 -149.891500 -28.243180
-149.789800 -29.284840 -149.789800 -29.284840
-149.688200 -30.326210 -149.688200 -30.326210
-149.588100 -31.365200 -149.588100 -31.365200
-149.489200 -32.406070 -149.489200 -32.406070
-149.392500 -33.448800 -149.392500 -33.448800
-149.300400 -34.472370 -149.300400 -34.472370
-149.211600 -35.500250 -149.211600 -35.500250
-149.124700 -36.525700 -149.124700 -36.525700
-149.038900 -37.549890 -149.038900 -37.549890
-148.957100 -38.570650 -148.957100 -38.570650
-148.881400 -39.588890 -148.881400 -39.588890
-148.810100 -40.602750 -148.810100 -40.602750
-148.735200 -41.611810 -148.735200 -41.611810
-148.663600 -42.621440 -148.663600 -42.621440
-148.592700 -43.621640 -148.592700 -43.621640
-148.517600 -44.625450 -148.517600 -44.625450
-148.444100 -45.622170 -148.444100 -45.622170
-148.368900 -46.613930 -148.368900 -46.613930
-148.296000 -47.602590 -148.296000 -47.602590
-148.225800 -48.590750 -148.225800 -48.590750
-148.155600 -49.576110 -148.155600 -49.576110
-148.085100 -50.558430 -148.085100 -50.558430
-148.013500 -51.538440 -148.013500 -51.538440
-147.942400 -52.511780 -147.942400 -52.511780
-147.870000 -53.479730 -147.870000 -53.479730
-147.797700 -54.448530 -147.797700 -54.448530
-147.724300 -55.413520 -147.724300 -55.413520
-147.653200 -56.372840 -147.653200 -56.372840
-147.579700 -57.330200 -147.579700 -57.330200
-147.500100 -58.281100 -147.500100 -58.281100
-147.420700 -59.229350 -147.420700 -59.229350
-147.341500 -60.171640 -147.341500 -60.171640
-147.259900 -61.108030 -147.259900 -61.108030
-147.178100 -62.037440 -147.178100 -62.037440
-147.099100 -62.956470 -147.099100 -62.956470
-147.021800 -63.869090 -147.021800 -63.869090
-146.946200 -64.761620 -146.946200 -64.761620
-146.873600 -65.641890 -146.873600 -65.641890
-146.804600 -66.507320 -146.804600 -66.507320
-146.740900 -67.357840 -146.740900 -67.357840
-146.684200 -68.188960 -146.684200 -68.188960
-146.637000 -68.999220 -146.637000 -68.999220
-146.601800 -69.786850 -146.601800 -69.786850
-146.575000 -70.550950 -146.575000 -70.550950
-146.551500 -71.289440 -146.551500 -71.289440
-146.529800 -72.003420 -146.529800 -72.003420
-146.515200 -72.689370 -146.515200 -72.689370
-146.506300 -73.348500 -146.506300 -73.348500
-146.499000 -73.981910 -146.499000 -73.981910
-146.496000 -74.588600 -146.496000 -74.588600
-146.499700 -75.167710 -146.499700 -75.167710
-146.508700 -75.724260 -146.508700 -75.724260
-146.520100 -76.249210 -146.520100 -76.249210
-146.531000 -76.745010 -146.531000 -76.745010
-146.545800 -77.208360 -146.545800 -77.208360
-146.562400 -77.644470 -146.562400 -77.644470
-146.582800 -78.045560 -146.582800 -78.045560
-146.598200 -78.415320 -146.598200 -78.415320
-146.614700 -78.752900 -146.614700 -78.752900
-146.626700 -79.060600 -146.626700 -79.060600
-146.635800 -79.326940 -146.635800 -79.326940
-146.644400 -79.571930 -146.644400 -79.571930
-146.650200 -79.797170 -146.650200 -79.797170
-146.657400 -79.998770 -146.657400 -79.998770
-146.661300 -80.195760 -146.661300 -80.195760
-146.663600 -80.384670 -146.663600 -80.384670
-146.663500 -80.569880 -146.663500 -80.569880
-146.655800 -80.746170 -146.655800 -80.746170
-146.645200 -80.911480 -146.645200 -80.911480
-146.631500 -81.061590 -146.631500 -81.061590
-146.626400 -81.202170 -146.626400 -81.202170
-146.623600 -81.334900 -146.623600 -81.334900
-146.617200 -81.460930 -146.617200 -81.460930
-146.606400 -81.580050 -146.606400 -81.580050
-146.591000 -81.691810 -146.591000 -81.691810
-146.574300 -81.796110 -146.574300 -81.796110
-146.554400 -81.887990 -146.554400 -81.887990
-146.537100 -81.964070 -146.537100 -81.964070
-146.521800 -82.025350 -146.521800 -82.025350
-146.509800 -82.072680 -146.509800 -82.072680
-146.498800 -82.108130 -146.498800 -82.108130
-146.489700 -82.133070 -146.489700 -82.133070
-146.481300 -82.147900 -146.481300 -82.147900
-146.474900 -82.154660 -146.474900 -82.154660
-146.470000 -82.151620 -146.470000 -82.151620
-146.467500 -82.144490 -146.467500 -82.144490
-146.466600 -82.142890 -146.466600 -82.142890
-146.469100 -82.145980 -146.469100 -82.145980
-146.474300 -82.148460 -146.474300 -82.148460
-146.478400 -82.148140 -146.478400 -82.148140
-146.480900 -82.146890 -146.480900 -82.146890
-146.483700 -82.145920 -146.483700 -82.145920
-146.485300 -82.144300 -146.485300 -82.144300
-146.486000 -82.143390 -146.486000 -82.143390
-146.487400 -82.144780 -146.487400 -82.144780
-146.489600 -82.146510 -146.489600 -82.146510
-146.490300 -82.147320 -146.490300 -82.147320
-146.492900 -82.150980 -146.492900 -82.150980
-146.493500 -82.152550 -146.493500 -82.152550
-146.495000 -82.154600 -146.495000 -82.154600
-146.495200 -82.155360 -146.495200 -82.155360
-146.496100 -82.156620 -146.496100 -82.156620
-146.494400 -82.156120 -146.494400 -82.156120
-146.494300 -82.156570 -146.494300 -82.156570
-146.492900 -82.155230 -146.492900 -82.155230
-146.490300 -82.151850 -146.490300 -82.151850
-146.487800 -82.148430 -146.487800 -82.148430
-146.485800 -82.145440 -146.485800 -82.145440
-146.486600 -82.143020 -146.486600 -82.143020
-146.487300 -82.140910 -146.487300 -82.140910
-146.487600 -82.138420 -146.487600 -82.138420
-146.487100 -82.136350 -146.487100 -82.136350
-146.486500 -82.135050 -146.486500 -82.135050
-146.486000 -82.133620 -146.486000 -82.133620
-146.487900 -82.133260 -146.487900 -82.133260
-146.488100 -82.132520 -146.488100 -82.132520
-146.488700 -82.132970 -146.488700 -82.132970
-146.488700 -82.133150 -146.488700 -82.133150
-146.489000 -82.133460 -146.489000 -82.133460
-146.488500 -82.133240 -146.488500 -82.133240
-146.486200 -82.133580 -146.486200 -82.133580
-146.484700 -82.133480 -146.484700 -82.133480
-146.485000 -82.133630 -146.485000 -82.133630
-146.485400 -82.133820 -146.485400 -82.133820
-146.484900 -82.133510 -146.484900 -82.133510
-146.485100 -82.133390 -146.485100 -82.133390
-146.485100 -82.133040 -146.485100 -82.133040
-146.480100 -82.133670 -146.480100 -82.133670
-146.476400 -82.132760 -146.476400 -82.132760
-146.473300 -82.132260 -146.473300 -82.132260
-146.472100 -82.131890 -146.472100 -82.131890
-146.475500 -82.132810 -146.475500 -82.132810
-146.477100 -82.133080 -146.477100 -82.133080
-146.477500 -82.133220 -146.477500 -82.133220
-146.476500 -82.133180 -146.476500 -82.133180
-146.506000 -82.149960 -146.506000 -82.149960
-146.525000 -82.162010 -146.525000 -82.162010
-146.541400 -82.176050 -146.541400 -82.176050
-146.556900 -82.195570 -146.556900 -82.195570
-146.565900 -82.217300 -146.565900 -82.217300
-146.579400 -82.245650 -146.579400 -82.245650
-146.585800 -82.275440 -146.585800 -82.275440
-146.590600 -82.310130 -146.590600 -82.310130
-146.587800 -82.344310 -146.587800 -82.344310
-146.588200 -82.384390 -146.588200 -82.384390
-146.581800 -82.426170 -146.581800 -82.426170
-146.578000 -82.473540 -146.578000 -82.473540
-146.567500 -82.522590 -146.567500 -82.522590
-146.551800 -82.574220 -146.551800 -82.574220
-146.533100 -82.632340 -146.533100 -82.632340
-146.507500 -82.698050 -146.507500 -82.698050
-146.475900 -82.778480 -146.475900 -82.778480
-146.445200 -82.880310 -146.445200 -82.880310
-146.396400 -82.987780 -146.396400 -82.987780
-146.351300 -83.116710 -146.351300 -83.116710
-146.295800 -83.258390 -146.295800 -83.258390
-146.230900 -83.410050 -146.230900 -83.410050
-146.156300 -83.574440 -146.156300 -83.574440
-146.070100 -83.743030 -146.070100 -83.743030
-145.980400 -83.920980 -145.980400 -83.920980
-145.879500 -84.106160 -145.879500 -84.106160
-145.759900 -84.291310 -145.759900 -84.291310
-145.633200 -84.484530 -145.633200 -84.484530
-145.491300 -84.682600 -145.491300 -84.682600
-145.315300 -84.880830 -145.315300 -84.880830
-145.125500 -85.097530 -145.125500 -85.097530
-144.895700 -85.318510 -144.895700 -85.318510
-144.660100 -85.564920 -144.660100 -85.564920
-144.396400 -85.819420 -144.396400 -85.819420
-144.077500 -86.065360 -144.077500 -86.065360
-143.742200 -86.327230 -143.742200 -86.327230
-143.370700 -86.591410 -143.370700 -86.591410
-142.947400 -86.840620 -142.947400 -86.840620
-142.503300 -87.088030 -142.503300 -87.088030
-142.010000 -87.315640 -142.010000 -87.315640
-141.509200 -87.543350 -141.509200 -87.543350
-140.976200 -87.751400 -140.976200 -87.751400
-140.392100 -87.924310 -140.392100 -87.924310
-139.798500 -88.087580 -139.798500 -88.087580
-139.158600 -88.219880 -139.158600 -88.219880
-138.508600 -88.338790 -138.508600 -88.338790
-137.828100 -88.433330 -137.828100 -88.433330
-137.112800 -88.501470 -137.112800 -88.501470
-136.379200 -88.560310 -136.379200 -88.560310
-135.614800 -88.607530 -135.614800 -88.607530
-134.825400 -88.646460 -134.825400 -88.646460
-134.012900 -88.676090 -134.012900 -88.676090
-133.180100 -88.696560 -133.180100 -88.696560
-132.327700 -88.705560 -132.327700 -88.705560
-131.452700 -88.701090 -131.452700 -88.701090
-130.552000 -88.680490 -130.552000 -88.680490
-129.631200 -88.649530 -129.631200 -88.649530
-128.688800 -88.612120 -128.688800 -88.612120
-127.723900 -88.575690 -127.723900 -88.575690
-126.735200 -88.540510 -126.735200 -88.540510
-125.721000 -88.504890 -125.721000 -88.504890
-124.683500 -88.464330 -124.683500 -88.464330
-123.628800 -88.419700 -123.628800 -88.419700
-122.553100 -88.368340 -122.553100 -88.368340
-121.460200 -88.294280 -121.460200 -88.294280
-120.350200 -88.210780 -120.350200 -88.210780
-119.227100 -88.130570 -119.227100 -88.130570
-118.086600 -88.040550 -118.086600 -88.040550
-116.930100 -87.948680 -116.930100 -87.948680
-115.761400 -87.848580 -115.761400 -87.848580
-114.579400 -87.745070 -114.579400 -87.745070
-113.383700 -87.639240 -113.383700 -87.639240
-112.181700 -87.539240 -112.181700 -87.539240
-110.975100 -87.438680 -110.975100 -87.438680
-109.774500 -87.342890 -109.774500 -87.342890
-108.579400 -87.247080 -108.579400 -87.247080
-107.385700 -87.146760 -107.385700 -87.146760
-106.197600 -87.049880 -106.197600 -87.049880
-105.009900 -86.952960 -105.009900 -86.952960
-103.821100 -86.859660 -103.821100 -86.859660
-102.632200 -86.764010 -102.632200 -86.764010
-101.444600 -86.672220 -101.444600 -86.672220
-100.261700 -86.572000 -100.261700 -86.572000
-99.084360 -86.480670 -99.084360 -86.480670
-97.910110 -86.386260 -97.910110 -86.386260
-96.736140 -86.293870 -96.736140 -86.293870
-95.562790 -86.201430 -95.562790 -86.201430
-94.392300 -86.110230 -94.392300 -86.110230
-93.228880 -86.017520 -93.228880 -86.017520
-92.070770 -85.930070 -92.070770 -85.930070
-90.914820 -85.844400 -90.914820 -85.844400
-89.760830 -85.757500 -89.760830 -85.757500
-88.607560 -85.674060 -88.607560 -85.674060
-87.458220 -85.591180 -87.458220 -85.591180
-86.314280 -85.511300 -86.314280 -85.511300
-85.176390 -85.431600 -85.176390 -85.431600
-84.042120 -85.352570 -84.042120 -85.352570
-82.904810 -85.266650 -82.904810 -85.266650
-81.774420 -85.178220 -81.774420 -85.178220
-80.646580 -85.082470 -80.646580 -85.082470
-79.525840 -84.982830 -79.525840 -84.982830
-78.409690 -84.882440 -78.409690 -84.882440
-77.288960 -84.784610 -77.288960 -84.784610
-76.174850 -84.684980 -76.174850 -84.684980
-75.063630 -84.584360 -75.063630 -84.584360
-73.955990 -84.481550 -73.955990 -84.481550
-72.849640 -84.375480 -72.849640 -84.375480
-71.748560 -84.267510 -71.748560 -84.267510
-70.650490 -84.159700 -70.650490 -84.159700
-69.556400 -84.051650 -69.556400 -84.051650
-68.463100 -83.946570 -68.463100 -83.946570
-67.368710 -83.844520 -67.368710 -83.844520
-66.269780 -83.744240 -66.269780 -83.744240
-65.173610 -83.648550 -65.173610 -83.648550
-64.072250 -83.553850 -64.072250 -83.553850
-62.988460 -83.463860 -62.988460 -83.463860
-61.893850 -83.371920 -61.893850 -83.371920
-60.801650 -83.279830 -60.801650 -83.279830
-59.725320 -83.192290 -59.725320 -83.192290
-58.653230 -83.105820 -58.653230 -83.105820
-57.588910 -83.022880 -57.588910 -83.022880
-56.511930 -82.928720 -56.511930 -82.928720
-55.439240 -82.845570 -55.439240 -82.845570
-54.362930 -82.759480 -54.362930 -82.759480
-53.287950 -82.677770 -53.287950 -82.677770
-52.214910 -82.594490 -52.214910 -82.594490
-51.151050 -82.509830 -51.151050 -82.509830
-50.102380 -82.423820 -50.102380 -82.423820
-49.053340 -82.336960 -49.053340 -82.336960
-48.004720 -82.250220 -48.004720 -82.250220
-46.961330 -82.161740 -46.961330 -82.161740
-45.913850 -82.077170 -45.913850 -82.077170
-44.853980 -81.993560 -44.853980 -81.993560
-43.795000 -81.913070 -43.795000 -81.913070
-42.729750 -81.836000 -42.729750 -81.836000
-41.668730 -81.755230 -41.668730 -81.755230
-40.605850 -81.669580 -40.605850 -81.669580
-39.551650 -81.593300 -39.551650 -81.593300
-38.496440 -81.513020 -38.496440 -81.513020
-37.446990 -81.429200 -37.446990 -81.429200
-36.399310 -81.343520 -36.399310 -81.343520
-35.358930 -81.260150 -35.358930 -81.260150
-34.324130 -81.178460 -34.324130 -81.178460
-33.290690 -81.098330 -33.290690 -81.098330
-32.265650 -81.018880 -32.265650 -81.018880
-31.234230 -80.938930 -31.234230 -80.938930
-30.205420 -80.863340 -30.205420 -80.863340
-29.181980 -80.790030 -29.181980 -80.790030
-28.164850 -80.719500 -28.164850 -80.719500
-27.154930 -80.650870 -27.154930 -80.650870
-26.142480 -80.579600 -26.142480 -80.579600
-25.130870 -80.512870 -25.130870 -80.512870
-24.126160 -80.445130 -24.126160 -80.445130
-23.123140 -80.380110 -23.123140 -80.380110
-22.128140 -80.313820 -22.128140 -80.313820
-21.136240 -80.247300 -21.136240 -80.247300
-20.159140 -80.181020 -20.159140 -80.181020
-19.203440 -80.118030 -19.203440 -80.118030
-18.265450 -80.056050 -18.265450 -80.056050
-17.342960 -79.993110 -17.342960 -79.993110
-16.439970 -79.929640 -16.439970 -79.929640
-15.558050 -79.866310 -15.558050 -79.866310
-14.701870 -79.797550 -14.701870 -79.797550
-13.862420 -79.730950 -13.862420 -79.730950
-13.047990 -79.657740 -13.047990 -79.657740
-12.252090 -79.580950 -12.252090 -79.580950
-11.471000 -79.505250 -11.471000 -79.505250
-10.714070 -79.428360 -10.714070 -79.428360
-9.978597 -79.346850 -9.978597 -79.346850
-9.267307 -79.258710 -9.267307 -79.258710
-8.577034 -79.159040 -8.577034 -79.159040
-7.915426 -79.051590 -7.915426 -79.051590
-7.272311 -78.940490 -7.272311 -78.940490
-6.660991 -78.823440 -6.660991 -78.823440
-6.068827 -78.696390 -6.068827 -78.696390
-5.472914 -78.549550 -5.472914 -78.549550
-4.940333 -78.407300 -4.940333 -78.407300
-4.382647 -78.248560 -4.382647 -78.248560
-3.867830 -78.086270 -3.867830 -78.086270
-3.358995 -77.902750 -3.358995 -77.902750
-2.864838 -77.711290 -2.864838 -77.711290
-2.385605 -77.503960 -2.385605 -77.503960
-1.921735 -77.287130 -1.921735 -77.287130
-1.469750 -77.054480 -1.469750 -77.054480
-1.027851 -76.800120 -1.027851 -76.800120
-0.603678 -76.533140 -0.603678 -76.533140
-0.205123 -76.238840 -0.205123 -76.238840
0.166806 -75.911920 0.166806 -75.911920
0.520539 -75.581570 0.520539 -75.581570
0.859237 -75.241810 0.859237 -75.241810
1.182030 -74.883010 1.182030 -74.883010
1.473046 -74.509320 1.473046 -74.509320
1.733786 -74.110790 1.733786 -74.110790
1.977241 -73.709730 1.977241 -73.709730
2.211269 -73.299080 2.211269 -73.299080
2.431700 -72.868800 2.431700 -72.868800
2.625592 -72.432540 2.625592 -72.432540
2.778690 -71.968370 2.778690 -71.968370
2.915642 -71.511800 2.915642 -71.511800
3.046312 -71.053430 3.046312 -71.053430
3.160868 -70.579580 3.160868 -70.579580
3.257933 -70.102600 3.257933 -70.102600
3.332790 -69.610070 3.332790 -69.610070
3.394982 -69.116480 3.394982 -69.116480
3.452999 -68.611430 3.452999 -68.611430
3.505748 -68.096830 3.505748 -68.096830
3.551082 -67.575730 3.551082 -67.575730
3.591560 -67.046250 3.591560 -67.046250
3.623078 -66.505600 3.623078 -66.505600
3.647772 -65.950340 3.647772 -65.950340
3.663801 -65.377050 3.663801 -65.377050
3.673887 -64.790020 3.673887 -64.790020
3.677308 -64.185040 3.677308 -64.185040
3.675967 -63.563370 3.675967 -63.563370
3.664022 -62.925430 3.664022 -62.925430
3.643049 -62.271330 3.643049 -62.271330
3.617203 -61.602360 3.617203 -61.602360
3.591227 -60.915700 3.591227 -60.915700
3.556391 -60.209600 3.556391 -60.209600
3.520319 -59.493480 3.520319 -59.493480
3.485568 -58.760380 3.485568 -58.760380
3.451301 -58.012660 3.451301 -58.012660
3.415287 -57.255200 3.415287 -57.255200
3.375737 -56.493750 3.375737 -56.493750
3.332427 -55.729640 3.332427 -55.729640
3.288581 -54.965140 3.288581 -54.965140
3.243097 -54.203520 3.243097 -54.203520
3.192353 -53.437990 3.192353 -53.437990
3.132861 -52.673270 3.132861 -52.673270
3.069795 -51.907210 3.069795 -51.907210
3.005492 -51.142420 3.005492 -51.142420
2.937896 -50.376430 2.937896 -50.376430
2.871709 -49.612280 2.871709 -49.612280
2.803220 -48.846160 2.803220 -48.846160
2.741985 -48.082200 2.741985 -48.082200
2.690256 -47.318710 2.690256 -47.318710
2.632847 -46.555900 2.632847 -46.555900
2.573747 -45.797330 2.573747 -45.797330
2.514617 -45.039680 2.514617 -45.039680
2.455917 -44.286280 2.455917 -44.286280
2.395278 -43.535580 2.395278 -43.535580
2.336487 -42.787040 2.336487 -42.787040
2.281395 -42.043600 2.281395 -42.043600
2.229024 -41.303970 2.229024 -41.303970
2.176053 -40.574230 2.176053 -40.574230
2.128161 -39.853310 2.128161 -39.853310
2.080478 -39.141840 2.080478 -39.141840
2.023801 -38.441270 2.023801 -38.441270
1.975410 -37.753780 1.975410 -37.753780
1.933230 -37.078800 1.933230 -37.078800
1.895520 -36.414710 1.895520 -36.414710
1.851613 -35.757560 1.851613 -35.757560
1.807991 -35.105870 1.807991 -35.105870
1.766675 -34.458180 1.766675 -34.458180
1.727417 -33.813780 1.727417 -33.813780
1.687773 -33.176910 1.687773 -33.176910
1.645582 -32.544470 1.645582 -32.544470
1.602843 -31.917220 1.602843 -31.917220
1.561553 -31.293340 1.561553 -31.293340
1.524724 -30.674470 1.524724 -30.674470
1.488055 -30.059210 1.488055 -30.059210
1.450030 -29.449280 1.450030 -29.449280
1.412389 -28.840280 1.412389 -28.840280
1.378315 -28.234600 1.378315 -28.234600
1.340783 -27.630610 1.340783 -27.630610
1.305986 -27.028700 1.305986 -27.028700
1.267692 -26.430740 1.267692 -26.430740
1.229249 -25.834080 1.229249 -25.834080
1.191105 -25.239530 1.191105 -25.239530
1.152074 -24.646900 1.152074 -24.646900
1.111448 -24.060420 1.111448 -24.060420
1.067365 -23.476920 1.067365 -23.476920
1.022814 -22.898450 1.022814 -22.898450
0.977752 -22.326600 0.977752 -22.326600
0.934574 -21.765460 0.934574 -21.765460
0.886782 -21.212670 0.886782 -21.212670
0.844647 -20.670460 0.844647 -20.670460
0.802905 -20.140230 0.802905 -20.140230
0.766710 -19.619950 0.766710 -19.619950
0.732212 -19.111600 0.732212 -19.111600
0.699503 -18.615910 0.699503 -18.615910
0.667367 -18.132000 0.667367 -18.132000
0.635536 -17.657260 0.635536 -17.657260
0.601767 -17.196320 0.601767 -17.196320
0.567945 -16.744310 0.567945 -16.744310
0.536630 -16.307040 0.536630 -16.307040
0.507341 -15.885810 0.507341 -15.885810
0.475696 -15.464920 0.475696 -15.464920
0.446610 -15.095020 0.446610 -15.095020
0.417035 -14.726660 0.417035 -14.726660
0.391631 -14.385140 0.391631 -14.385140
0.369966 -14.064630 0.369966 -14.064630
0.351258 -13.760620 0.351258 -13.760620
0.331922 -13.474370 0.331922 -13.474370
0.313929 -13.199140 0.313929 -13.199140
0.299516 -12.930350 0.299516 -12.930350
0.286085 -12.669990 0.286085 -12.669990
0.275599 -12.410890 0.275599 -12.410890
0.263868 -12.153000 0.263868 -12.153000
0.256120 -11.896700 0.256120 -11.896700
0.250315 -11.643500 0.250315 -11.643500
0.238575 -11.391050 0.238575 -11.391050
0.225556 -11.140190 0.225556 -11.140190
0.211538 -10.893340 0.211538 -10.893340
0.198165 -10.644890 0.198165 -10.644890
0.183954 -10.398140 0.183954 -10.398140
0.169374 -10.152240 0.169374 -10.152240
0.151201 -9.907869 0.151201 -9.907869
0.132765 -9.665059 0.132765 -9.665059
0.113110 -9.424513 0.113110 -9.424513
0.091011 -9.183499 0.091011 -9.183499
0.065435 -8.947690 0.065435 -8.947690
0.040831 -8.713565 0.040831 -8.713565
0.016860 -8.476707 0.016860 -8.476707
-0.008131 -8.242587 -0.008131 -8.242587
-0.037081 -8.008871 -0.037081 -8.008871
-0.070862 -7.778389 -0.070862 -7.778389
-0.105571 -7.549918 -0.105571 -7.549918
-0.133208 -7.321385 -0.133208 -7.321385
-0.158415 -7.094030 -0.158415 -7.094030
-0.181726 -6.867589 -0.181726 -6.867589
-0.208201 -6.638255 -0.208201 -6.638255
-0.234301 -6.412690 -0.234301 -6.412690
-0.260514 -6.188841 -0.260514 -6.188841
-0.284870 -5.965868 -0.284870 -5.965868
-0.307917 -5.742297 -0.307917 -5.742297
-0.327640 -5.519328 -0.327640 -5.519328
-0.344249 -5.296044 -0.344249 -5.296044
-0.360353 -5.068979 -0.360353 -5.068979
-0.376189 -4.833849 -0.376189 -4.833849
-0.388383 -4.586875 -0.388383 -4.586875
-0.401589 -4.328040 -0.401589 -4.328040
-0.412903 -4.057574 -0.412903 -4.057574
-0.424088 -3.776090 -0.424088 -3.776090
-0.431289 -3.483170 -0.431289 -3.483170
-0.440851 -3.181643 -0.440851 -3.181643
-0.454006 -2.872732 -0.454006 -2.872732
-0.464543 -2.555900 -0.464543 -2.555900
-0.472589 -2.231273 -0.472589 -2.231273
-0.480476 -1.896997 -0.480476 -1.896997
-0.487938 -1.556277 -0.487938 -1.556277
-0.492906 -1.206877 -0.492906 -1.206877
-0.494918 -0.850660 -0.494918 -0.850660
-0.499710 -0.485171 -0.499710 -0.485171
-0.508838 -0.108858 -0.508838 -0.108858
-0.520983 0.278521 -0.520983 0.278521
-0.511556 0.679747 -0.511556 0.679747
-0.473736 1.088900 -0.473736 1.088900
-0.433998 1.492117 -0.433998 1.492117
-0.388368 1.890361 -0.388368 1.890361
-0.369629 2.281506 -0.369629 2.281506
-0.368577 2.669212 -0.368577 2.669212
-0.387786 3.050660 -0.387786 3.050660
-0.414732 3.428579 -0.414732 3.428579
-0.442804 3.803063 -0.442804 3.803063
-0.473375 4.175334 -0.473375 4.175334
-0.521258 4.545801 -0.521258 4.545801
-0.590795 4.909245 -0.590795 4.909245
-0.669462 5.262875 -0.669462 5.262875
-0.754007 5.608678 -0.754007 5.608678
-0.838940 5.951591 -0.838940 5.951591
-0.929674 6.291946 -0.929674 6.291946
-1.032008 6.626423 -1.032008 6.626423
-1.135960 6.958512 -1.135960 6.958512
-1.229340 7.289411 -1.229340 7.289411
-1.312862 7.617634 -1.312862 7.617634
-1.383808 7.944145 -1.383808 7.944145
-1.438607 8.249384 -1.438607 8.249384
-1.485319 8.521081 -1.485319 8.521081
-1.531094 8.751345 -1.531094 8.751345
-1.565470 8.946937 -1.565470 8.946937
-1.589383 9.106580 -1.589383 9.106580
-1.603789 9.232185 -1.603789 9.232185
-1.615795 9.324632 -1.615795 9.324632
-1.626597 9.380866 -1.626597 9.380866
-1.634967 9.405472 -1.634967 9.405472
-1.635852 9.404838 -1.635852 9.404838
-1.636807 9.386956 -1.636807 9.386956
-1.637558 9.378778 -1.637558 9.378778
-1.640332 9.376167 -1.640332 9.376167
-1.641127 9.372464 -1.641127 9.372464
-1.643107 9.369584 -1.643107 9.369584
-1.643540 9.371050 -1.643540 9.371050
-1.643726 9.370281 -1.643726 9.370281
-1.643555 9.367453 -1.643555 9.367453
