0 0.000000 0.000000 100.000000 6.289308
0 0.000000 0.000000 200.000000 6.666667
0 0.000000 0.000000 300.000000 7.194244
0 0.000000 0.000000 400.000000 7.312614
0 0.000000 0.000000 500.000000 7.587254
1 0.000000 0.000000 100.000000 6.250000
1 0.000000 0.000000 200.000000 6.666667
1 0.000000 0.000000 300.000000 7.194244
1 0.000000 0.000000 400.000000 7.312614
1 0.000000 0.000000 500.000000 7.587254
2 0.000000 0.000000 100.000000 6.250000
2 0.000000 0.000000 200.000000 6.666667
2 0.000000 0.000000 300.000000 7.194244
2 0.000000 0.000000 400.000000 7.312614
2 0.000000 0.000000 500.000000 7.587254
3 0.000000 0.000000 100.000000 6.250000
3 0.000000 0.000000 200.000000 6.666667
3 0.000000 0.000000 300.000000 7.194244
3 0.000000 0.000000 400.000000 7.312614
3 0.000000 0.000000 500.000000 7.587254
4 0.000000 0.000000 100.000000 6.250000
4 0.000000 0.000000 200.000000 6.666667
4 0.000000 0.000000 300.000000 7.194244
4 0.000000 0.000000 400.000000 7.312614
4 0.000000 0.000000 500.000000 7.587254
5 0.000000 0.000000 100.000000 6.250000
5 0.000000 0.000000 200.000000 6.666667
5 0.000000 0.000000 300.000000 7.194244
5 0.000000 0.000000 400.000000 7.312614
5 0.000000 0.000000 500.000000 7.587254
6 0.000000 0.000000 100.000000 6.250000
6 0.000000 0.000000 200.000000 6.666667
6 0.000000 0.000000 300.000000 7.194244
6 0.000000 0.000000 400.000000 7.299270
6 0.000000 0.000000 500.000000 7.587254
7 0.000000 0.000000 100.000000 6.250000
7 0.000000 0.000000 200.000000 6.666667
7 0.000000 0.000000 300.000000 7.194244
7 0.000000 0.000000 400.000000 7.299270
7 0.000000 0.000000 500.000000 7.575758
8 0.000000 0.000000 100.000000 6.211180
8 0.000000 0.000000 200.000000 6.666667
8 0.000000 0.000000 300.000000 7.194244
8 0.000000 0.000000 400.000000 7.299270
8 0.000000 0.000000 500.000000 7.575758
9 0.000000 0.000000 100.000000 6.211180
9 0.000000 0.000000 200.000000 6.666667
9 0.000000 0.000000 300.000000 7.194244
9 0.000000 0.000000 400.000000 7.299270
9 0.000000 0.000000 500.000000 7.575758
10 0.000000 0.000000 100.000000 6.211180
10 0.000000 0.000000 200.000000 6.666667
10 0.000000 0.000000 300.000000 7.194244
10 0.000000 0.000000 400.000000 7.299270
10 0.000000 0.000000 500.000000 7.575758
11 0.000000 0.000000 100.000000 6.211180
11 0.000000 0.000000 200.000000 6.666667
11 0.000000 0.000000 300.000000 7.194244
11 0.000000 0.000000 400.000000 7.299270
11 0.000000 0.000000 500.000000 7.575758
12 0.000000 0.000000 100.000000 6.211180
12 0.000000 0.000000 200.000000 6.666667
12 0.000000 0.000000 300.000000 7.194244
12 0.000000 0.000000 400.000000 7.299270
12 0.000000 0.000000 500.000000 7.575758
13 0.000000 0.000000 100.000000 6.172840
13 0.000000 0.000000 200.000000 6.666667
13 0.000000 0.000000 300.000000 7.194244
13 0.000000 0.000000 400.000000 7.299270
13 0.000000 0.000000 500.000000 7.575758
14 0.000000 0.000000 100.000000 6.172840
14 0.000000 0.000000 200.000000 6.666667
14 0.000000 0.000000 300.000000 7.194244
14 0.000000 0.000000 400.000000 7.299270
14 0.000000 0.000000 500.000000 7.564297
15 0.000000 0.000000 100.000000 6.172840
15 0.000000 0.000000 200.000000 6.666667
15 0.000000 0.000000 300.000000 7.194244
15 0.000000 0.000000 400.000000 7.299270
15 0.000000 0.000000 500.000000 7.564297
16 0.000000 0.000000 100.000000 6.172840
16 0.000000 0.000000 200.000000 6.666667
16 0.000000 0.000000 300.000000 7.194244
16 0.000000 0.000000 400.000000 7.299270
16 0.000000 0.000000 500.000000 7.564297
17 0.000000 0.000000 100.000000 6.134969
17 0.000000 0.000000 200.000000 6.666667
17 0.000000 0.000000 300.000000 7.194244
17 0.000000 0.000000 400.000000 7.299270
17 0.000000 0.000000 500.000000 7.564297
18 0.000000 0.000000 100.000000 6.134969
18 0.000000 0.000000 200.000000 6.666667
18 0.000000 0.000000 300.000000 7.194244
18 0.000000 0.000000 400.000000 7.299270
18 0.000000 0.000000 500.000000 7.564297
19 0.000000 0.000000 100.000000 6.134969
19 0.000000 0.000000 200.000000 6.666667
19 0.000000 0.000000 300.000000 7.194244
19 0.000000 0.000000 400.000000 7.299270
19 0.000000 0.000000 500.000000 7.564297
20 0.000000 0.000000 100.000000 6.134969
20 0.000000 0.000000 200.000000 6.666667
20 0.000000 0.000000 300.000000 7.194244
20 0.000000 0.000000 400.000000 7.299270
20 0.000000 0.000000 500.000000 7.552870
21 0.000000 0.000000 100.000000 6.097561
21 0.000000 0.000000 200.000000 6.666667
21 0.000000 0.000000 300.000000 7.194244
21 0.000000 0.000000 400.000000 7.299270
21 0.000000 0.000000 500.000000 7.552870
22 0.000000 0.000000 100.000000 6.097561
22 0.000000 0.000000 200.000000 6.666667
22 0.000000 0.000000 300.000000 7.211538
22 0.000000 0.000000 400.000000 7.299270
22 0.000000 0.000000 500.000000 7.552870
23 0.000000 0.000000 100.000000 6.060606
23 0.000000 0.000000 200.000000 6.666667
23 0.000000 0.000000 300.000000 7.211538
23 0.000000 0.000000 400.000000 7.299270
23 0.000000 0.000000 500.000000 7.552870
24 0.000000 0.000000 100.000000 6.060606
24 0.000000 0.000000 200.000000 6.666667
24 0.000000 0.000000 300.000000 7.211538
24 0.000000 0.000000 400.000000 7.299270
24 0.000000 0.000000 500.000000 7.552870
25 0.000000 0.000000 100.000000 6.060606
25 0.000000 0.000000 200.000000 6.666667
25 0.000000 0.000000 300.000000 7.211538
25 0.000000 0.000000 400.000000 7.299270
25 0.000000 0.000000 500.000000 7.552870
26 0.000000 0.000000 100.000000 6.024096
26 0.000000 0.000000 200.000000 6.666667
26 0.000000 0.000000 300.000000 7.211538
26 0.000000 0.000000 400.000000 7.299270
26 0.000000 0.000000 500.000000 7.552870
27 0.000000 0.000000 100.000000 6.024096
27 0.000000 0.000000 200.000000 6.688963
27 0.000000 0.000000 300.000000 7.211538
27 0.000000 0.000000 400.000000 7.312614
27 0.000000 0.000000 500.000000 7.541478
28 0.000000 0.000000 100.000000 5.988024
28 0.000000 0.000000 200.000000 6.688963
28 0.000000 0.000000 300.000000 7.211538
28 0.000000 0.000000 400.000000 7.312614
28 0.000000 0.000000 500.000000 7.541478
29 0.000000 0.000000 100.000000 5.988024
29 0.000000 0.000000 200.000000 6.688963
29 0.000000 0.000000 300.000000 7.211538
29 0.000000 0.000000 400.000000 7.312614
29 0.000000 0.000000 500.000000 7.541478
30 0.000000 0.000000 100.000000 5.952381
30 0.000000 0.000000 200.000000 6.688963
30 0.000000 0.000000 300.000000 7.211538
30 0.000000 0.000000 400.000000 7.312614
30 0.000000 0.000000 500.000000 7.541478
31 0.000000 0.000000 100.000000 5.952381
31 0.000000 0.000000 200.000000 6.688963
31 0.000000 0.000000 300.000000 7.211538
31 0.000000 0.000000 400.000000 7.312614
31 0.000000 0.000000 500.000000 7.541478
32 0.000000 0.000000 100.000000 5.917160
32 0.000000 0.000000 200.000000 6.688963
32 0.000000 0.000000 300.000000 7.211538
32 0.000000 0.000000 400.000000 7.312614
32 0.000000 0.000000 500.000000 7.541478
33 0.000000 0.000000 100.000000 5.917160
33 0.000000 0.000000 200.000000 6.688963
33 0.000000 0.000000 300.000000 7.228916
33 0.000000 0.000000 400.000000 7.312614
33 0.000000 0.000000 500.000000 7.541478
34 0.000000 0.000000 100.000000 5.917160
34 0.000000 0.000000 200.000000 6.688963
34 0.000000 0.000000 300.000000 7.228916
34 0.000000 0.000000 400.000000 7.312614
34 0.000000 0.000000 500.000000 7.530120
35 0.000000 0.000000 100.000000 5.882353
35 0.000000 0.000000 200.000000 6.711410
35 0.000000 0.000000 300.000000 7.228916
35 0.000000 0.000000 400.000000 7.326007
35 0.000000 0.000000 500.000000 7.530120
36 0.000000 0.000000 100.000000 5.882353
36 0.000000 0.000000 200.000000 6.711410
36 0.000000 0.000000 300.000000 7.228916
36 0.000000 0.000000 400.000000 7.326007
36 0.000000 0.000000 500.000000 7.530120
37 0.000000 0.000000 100.000000 5.882353
37 0.000000 0.000000 200.000000 6.711410
37 0.000000 0.000000 300.000000 7.228916
37 0.000000 0.000000 400.000000 7.326007
37 0.000000 0.000000 500.000000 7.530120
38 0.000000 0.000000 100.000000 5.847953
38 0.000000 0.000000 200.000000 6.711410
38 0.000000 0.000000 300.000000 7.228916
38 0.000000 0.000000 400.000000 7.326007
38 0.000000 0.000000 500.000000 7.530120
39 0.000000 0.000000 100.000000 5.847953
39 0.000000 0.000000 200.000000 6.711410
39 0.000000 0.000000 300.000000 7.246377
39 0.000000 0.000000 400.000000 7.326007
39 0.000000 0.000000 500.000000 7.518797
40 0.000000 0.000000 100.000000 5.847953
40 0.000000 0.000000 200.000000 6.734007
40 0.000000 0.000000 300.000000 7.246377
40 0.000000 0.000000 400.000000 7.326007
40 0.000000 0.000000 500.000000 7.518797
41 0.000000 0.000000 100.000000 5.847953
41 0.000000 0.000000 200.000000 6.734007
41 0.000000 0.000000 300.000000 7.246377
41 0.000000 0.000000 400.000000 7.339449
41 0.000000 0.000000 500.000000 7.518797
42 0.000000 0.000000 100.000000 5.847953
42 0.000000 0.000000 200.000000 6.734007
42 0.000000 0.000000 300.000000 7.246377
42 0.000000 0.000000 400.000000 7.339449
42 0.000000 0.000000 500.000000 7.518797
43 0.000000 0.000000 100.000000 5.847953
43 0.000000 0.000000 200.000000 6.734007
43 0.000000 0.000000 300.000000 7.246377
43 0.000000 0.000000 400.000000 7.339449
43 0.000000 0.000000 500.000000 7.507507
44 0.000000 0.000000 100.000000 5.847953
44 0.000000 0.000000 200.000000 6.756757
44 0.000000 0.000000 300.000000 7.263923
44 0.000000 0.000000 400.000000 7.339449
44 0.000000 0.000000 500.000000 7.507507
45 0.000000 0.000000 100.000000 5.847953
45 0.000000 0.000000 200.000000 6.756757
45 0.000000 0.000000 300.000000 7.263923
45 0.000000 0.000000 400.000000 7.352941
45 0.000000 0.000000 500.000000 7.507507
46 0.000000 0.000000 100.000000 5.847953
46 0.000000 0.000000 200.000000 6.756757
46 0.000000 0.000000 300.000000 7.263923
46 0.000000 0.000000 400.000000 7.352941
46 0.000000 0.000000 500.000000 7.507507
47 0.000000 0.000000 100.000000 5.847953
47 0.000000 0.000000 200.000000 6.779661
47 0.000000 0.000000 300.000000 7.281553
47 0.000000 0.000000 400.000000 7.352941
47 0.000000 0.000000 500.000000 7.496252
48 0.000000 0.000000 100.000000 5.847953
48 0.000000 0.000000 200.000000 6.779661
48 0.000000 0.000000 300.000000 7.281553
48 0.000000 0.000000 400.000000 7.366483
48 0.000000 0.000000 500.000000 7.496252
49 0.000000 0.000000 100.000000 5.847953
49 0.000000 0.000000 200.000000 6.779661
49 0.000000 0.000000 300.000000 7.281553
49 0.000000 0.000000 400.000000 7.366483
49 0.000000 0.000000 500.000000 7.496252
50 0.000000 0.000000 100.000000 5.847953
50 0.000000 0.000000 200.000000 6.779661
50 0.000000 0.000000 300.000000 7.281553
50 0.000000 0.000000 400.000000 7.366483
50 0.000000 0.000000 500.000000 7.485030
51 0.000000 0.000000 100.000000 5.882353
51 0.000000 0.000000 200.000000 6.802721
51 0.000000 0.000000 300.000000 7.299270
51 0.000000 0.000000 400.000000 7.366483
51 0.000000 0.000000 500.000000 7.485030
52 0.000000 0.000000 100.000000 5.882353
52 0.000000 0.000000 200.000000 6.802721
52 0.000000 0.000000 300.000000 7.299270
52 0.000000 0.000000 400.000000 7.380074
52 0.000000 0.000000 500.000000 7.473842
53 0.000000 0.000000 100.000000 5.882353
53 0.000000 0.000000 200.000000 6.825939
53 0.000000 0.000000 300.000000 7.299270
53 0.000000 0.000000 400.000000 7.380074
53 0.000000 0.000000 500.000000 7.473842
54 0.000000 0.000000 100.000000 5.882353
54 0.000000 0.000000 200.000000 6.825939
54 0.000000 0.000000 300.000000 7.317073
54 0.000000 0.000000 400.000000 7.393715
54 0.000000 0.000000 500.000000 7.462687
55 0.000000 0.000000 100.000000 5.917160
55 0.000000 0.000000 200.000000 6.825939
55 0.000000 0.000000 300.000000 7.317073
55 0.000000 0.000000 400.000000 7.393715
55 0.000000 0.000000 500.000000 7.462687
56 0.000000 0.000000 100.000000 5.917160
56 0.000000 0.000000 200.000000 6.849315
56 0.000000 0.000000 300.000000 7.334963
56 0.000000 0.000000 400.000000 7.393715
56 0.000000 0.000000 500.000000 7.451565
57 0.000000 0.000000 100.000000 5.917160
57 0.000000 0.000000 200.000000 6.849315
57 0.000000 0.000000 300.000000 7.334963
57 0.000000 0.000000 400.000000 7.407407
57 0.000000 0.000000 500.000000 7.451565
58 0.000000 0.000000 100.000000 5.952381
58 0.000000 0.000000 200.000000 6.872852
58 0.000000 0.000000 300.000000 7.334963
58 0.000000 0.000000 400.000000 7.407407
58 0.000000 0.000000 500.000000 7.440476
59 0.000000 0.000000 100.000000 5.952381
59 0.000000 0.000000 200.000000 6.872852
59 0.000000 0.000000 300.000000 7.352941
59 0.000000 0.000000 400.000000 7.421150
59 0.000000 0.000000 500.000000 7.440476
60 0.000000 0.000000 100.000000 5.988024
60 0.000000 0.000000 200.000000 6.896552
60 0.000000 0.000000 300.000000 7.352941
60 0.000000 0.000000 400.000000 7.434944
60 0.000000 0.000000 500.000000 7.429420
61 0.000000 0.000000 100.000000 5.988024
61 0.000000 0.000000 200.000000 6.896552
61 0.000000 0.000000 300.000000 7.371007
61 0.000000 0.000000 400.000000 7.434944
61 0.000000 0.000000 500.000000 7.429420
62 0.000000 0.000000 100.000000 6.024096
62 0.000000 0.000000 200.000000 6.920415
62 0.000000 0.000000 300.000000 7.389163
62 0.000000 0.000000 400.000000 7.448790
62 0.000000 0.000000 500.000000 7.418397
63 0.000000 0.000000 100.000000 6.024096
63 0.000000 0.000000 200.000000 6.920415
63 0.000000 0.000000 300.000000 7.389163
63 0.000000 0.000000 400.000000 7.448790
63 0.000000 0.000000 500.000000 7.418397
64 0.000000 0.000000 100.000000 6.060606
64 0.000000 0.000000 200.000000 6.944445
64 0.000000 0.000000 300.000000 7.407407
64 0.000000 0.000000 400.000000 7.462687
64 0.000000 0.000000 500.000000 7.418397
65 0.000000 0.000000 100.000000 6.060606
65 0.000000 0.000000 200.000000 6.968641
65 0.000000 0.000000 300.000000 7.407407
65 0.000000 0.000000 400.000000 7.476635
65 0.000000 0.000000 500.000000 7.418397
66 0.000000 0.000000 100.000000 6.097561
66 0.000000 0.000000 200.000000 6.968641
66 0.000000 0.000000 300.000000 7.425743
66 0.000000 0.000000 400.000000 7.476635
66 0.000000 0.000000 500.000000 7.418397
67 0.000000 0.000000 100.000000 6.134969
67 0.000000 0.000000 200.000000 6.993007
67 0.000000 0.000000 300.000000 7.444169
67 0.000000 0.000000 400.000000 7.490637
67 0.000000 0.000000 500.000000 7.418397
68 0.000000 0.000000 100.000000 6.134969
68 0.000000 0.000000 200.000000 7.017544
68 0.000000 0.000000 300.000000 7.462687
68 0.000000 0.000000 400.000000 7.504691
68 0.000000 0.000000 500.000000 7.418397
69 0.000000 0.000000 100.000000 6.172840
69 0.000000 0.000000 200.000000 7.017544
69 0.000000 0.000000 300.000000 7.462687
69 0.000000 0.000000 400.000000 7.504691
69 0.000000 0.000000 500.000000 7.418397
70 0.000000 0.000000 100.000000 6.211180
70 0.000000 0.000000 200.000000 7.042253
70 0.000000 0.000000 300.000000 7.481297
70 0.000000 0.000000 400.000000 7.518797
70 0.000000 0.000000 500.000000 7.418397
71 0.000000 0.000000 100.000000 6.211180
71 0.000000 0.000000 200.000000 7.067138
71 0.000000 0.000000 300.000000 7.500000
71 0.000000 0.000000 400.000000 7.532957
71 0.000000 0.000000 500.000000 7.429420
72 0.000000 0.000000 100.000000 6.250000
72 0.000000 0.000000 200.000000 7.067138
72 0.000000 0.000000 300.000000 7.500000
72 0.000000 0.000000 400.000000 7.547170
72 0.000000 0.000000 500.000000 7.429420
73 0.000000 0.000000 100.000000 6.289308
73 0.000000 0.000000 200.000000 7.092198
73 0.000000 0.000000 300.000000 7.518797
73 0.000000 0.000000 400.000000 7.547170
73 0.000000 0.000000 500.000000 7.429420
74 0.000000 0.000000 100.000000 6.289308
74 0.000000 0.000000 200.000000 7.117438
74 0.000000 0.000000 300.000000 7.537688
74 0.000000 0.000000 400.000000 7.561437
74 0.000000 0.000000 500.000000 7.429420
75 0.000000 0.000000 100.000000 6.329114
75 0.000000 0.000000 200.000000 7.142857
75 0.000000 0.000000 300.000000 7.537688
75 0.000000 0.000000 400.000000 7.575758
75 0.000000 0.000000 500.000000 7.429420
76 0.000000 0.000000 100.000000 6.369427
76 0.000000 0.000000 200.000000 7.142857
76 0.000000 0.000000 300.000000 7.556675
76 0.000000 0.000000 400.000000 7.575758
76 0.000000 0.000000 500.000000 7.440476
77 0.000000 0.000000 100.000000 6.369427
77 0.000000 0.000000 200.000000 7.168459
77 0.000000 0.000000 300.000000 7.575758
77 0.000000 0.000000 400.000000 7.590133
77 0.000000 0.000000 500.000000 7.440476
78 0.000000 0.000000 100.000000 6.410256
78 0.000000 0.000000 200.000000 7.194244
78 0.000000 0.000000 300.000000 7.594937
78 0.000000 0.000000 400.000000 7.604563
78 0.000000 0.000000 500.000000 7.440476
79 0.000000 0.000000 100.000000 6.451613
79 0.000000 0.000000 200.000000 7.194244
79 0.000000 0.000000 300.000000 7.594937
79 0.000000 0.000000 400.000000 7.619048
79 0.000000 0.000000 500.000000 7.440476
80 0.000000 0.000000 100.000000 6.451613
80 0.000000 0.000000 200.000000 7.220217
80 0.000000 0.000000 300.000000 7.614213
80 0.000000 0.000000 400.000000 7.619048
80 0.000000 0.000000 500.000000 7.440476
81 0.000000 0.000000 100.000000 6.493506
81 0.000000 0.000000 200.000000 7.246377
81 0.000000 0.000000 300.000000 7.633588
81 0.000000 0.000000 400.000000 7.633588
81 0.000000 0.000000 500.000000 7.451565
82 0.000000 0.000000 100.000000 6.535948
82 0.000000 0.000000 200.000000 7.246377
82 0.000000 0.000000 300.000000 7.633588
82 0.000000 0.000000 400.000000 7.648183
82 0.000000 0.000000 500.000000 7.451565
83 0.000000 0.000000 100.000000 6.535948
83 0.000000 0.000000 200.000000 7.272727
83 0.000000 0.000000 300.000000 7.653061
83 0.000000 0.000000 400.000000 7.648183
83 0.000000 0.000000 500.000000 7.451565
84 0.000000 0.000000 100.000000 6.578948
84 0.000000 0.000000 200.000000 7.299270
84 0.000000 0.000000 300.000000 7.672634
84 0.000000 0.000000 400.000000 7.662835
84 0.000000 0.000000 500.000000 7.451565
85 0.000000 0.000000 100.000000 6.578948
85 0.000000 0.000000 200.000000 7.299270
85 0.000000 0.000000 300.000000 7.672634
85 0.000000 0.000000 400.000000 7.677543
85 0.000000 0.000000 500.000000 7.451565
86 0.000000 0.000000 100.000000 6.622517
86 0.000000 0.000000 200.000000 7.326007
86 0.000000 0.000000 300.000000 7.692307
86 0.000000 0.000000 400.000000 7.692307
86 0.000000 0.000000 500.000000 7.451565
87 0.000000 0.000000 100.000000 6.666667
87 0.000000 0.000000 200.000000 7.352941
87 0.000000 0.000000 300.000000 7.712082
87 0.000000 0.000000 400.000000 7.692307
87 0.000000 0.000000 500.000000 7.451565
88 0.000000 0.000000 100.000000 6.666667
88 0.000000 0.000000 200.000000 7.352941
88 0.000000 0.000000 300.000000 7.712082
88 0.000000 0.000000 400.000000 7.707129
88 0.000000 0.000000 500.000000 7.440476
89 0.000000 0.000000 100.000000 6.711410
89 0.000000 0.000000 200.000000 7.380074
89 0.000000 0.000000 300.000000 7.731959
89 0.000000 0.000000 400.000000 7.722008
89 0.000000 0.000000 500.000000 7.440476
90 0.000000 0.000000 100.000000 6.711410
90 0.000000 0.000000 200.000000 7.380074
90 0.000000 0.000000 300.000000 7.751938
90 0.000000 0.000000 400.000000 7.722008
90 0.000000 0.000000 500.000000 7.440476
91 0.000000 0.000000 100.000000 6.756757
91 0.000000 0.000000 200.000000 7.407407
91 0.000000 0.000000 300.000000 7.751938
91 0.000000 0.000000 400.000000 7.736944
91 0.000000 0.000000 500.000000 7.440476
92 0.000000 0.000000 100.000000 6.756757
92 0.000000 0.000000 200.000000 7.407407
92 0.000000 0.000000 300.000000 7.772021
92 0.000000 0.000000 400.000000 7.736944
92 0.000000 0.000000 500.000000 7.429420
93 0.000000 0.000000 100.000000 6.756757
93 0.000000 0.000000 200.000000 7.434944
93 0.000000 0.000000 300.000000 7.772021
93 0.000000 0.000000 400.000000 7.751938
93 0.000000 0.000000 500.000000 7.429420
94 0.000000 0.000000 100.000000 6.802721
94 0.000000 0.000000 200.000000 7.434944
94 0.000000 0.000000 300.000000 7.792208
94 0.000000 0.000000 400.000000 7.751938
94 0.000000 0.000000 500.000000 7.418397
95 0.000000 0.000000 100.000000 6.802721
95 0.000000 0.000000 200.000000 7.462687
95 0.000000 0.000000 300.000000 7.792208
95 0.000000 0.000000 400.000000 7.766990
95 0.000000 0.000000 500.000000 7.418397
96 0.000000 0.000000 100.000000 6.849315
96 0.000000 0.000000 200.000000 7.462687
96 0.000000 0.000000 300.000000 7.812500
96 0.000000 0.000000 400.000000 7.766990
96 0.000000 0.000000 500.000000 7.407407
97 0.000000 0.000000 100.000000 6.849315
97 0.000000 0.000000 200.000000 7.462687
97 0.000000 0.000000 300.000000 7.812500
97 0.000000 0.000000 400.000000 7.782101
97 0.000000 0.000000 500.000000 7.396450
98 0.000000 0.000000 100.000000 6.849315
98 0.000000 0.000000 200.000000 7.490637
98 0.000000 0.000000 300.000000 7.832898
98 0.000000 0.000000 400.000000 7.782101
98 0.000000 0.000000 500.000000 7.385524
99 0.000000 0.000000 100.000000 6.849315
99 0.000000 0.000000 200.000000 7.490637
99 0.000000 0.000000 300.000000 7.832898
99 0.000000 0.000000 400.000000 7.797271
99 0.000000 0.000000 500.000000 7.363770
100 0.000000 0.000000 100.000000 6.896552
100 0.000000 0.000000 200.000000 7.518797
100 0.000000 0.000000 300.000000 7.832898
100 0.000000 0.000000 400.000000 7.797271
100 0.000000 0.000000 500.000000 7.342144
101 0.000000 0.000000 100.000000 6.896552
101 0.000000 0.000000 200.000000 7.518797
101 0.000000 0.000000 300.000000 7.853403
101 0.000000 0.000000 400.000000 7.812500
101 0.000000 0.000000 500.000000 7.309941
102 0.000000 0.000000 100.000000 6.896552
102 0.000000 0.000000 200.000000 7.518797
102 0.000000 0.000000 300.000000 7.853403
102 0.000000 0.000000 400.000000 7.812500
102 0.000000 0.000000 500.000000 7.256894
103 0.000000 0.000000 100.000000 6.896552
103 0.000000 0.000000 200.000000 7.518797
103 0.000000 0.000000 300.000000 7.874016
103 0.000000 0.000000 400.000000 7.827789
103 0.000000 0.000000 500.000000 7.173601
104 0.000000 0.000000 100.000000 6.896552
104 0.000000 0.000000 200.000000 7.547170
104 0.000000 0.000000 300.000000 7.874016
104 0.000000 0.000000 400.000000 7.827789
105 0.000000 0.000000 100.000000 6.896552
105 0.000000 0.000000 200.000000 7.547170
105 0.000000 0.000000 300.000000 7.874016
105 0.000000 0.000000 400.000000 7.843137
106 0.000000 0.000000 100.000000 6.896552
106 0.000000 0.000000 200.000000 7.547170
106 0.000000 0.000000 300.000000 7.874016
106 0.000000 0.000000 400.000000 7.843137
107 0.000000 0.000000 100.000000 6.896552
107 0.000000 0.000000 200.000000 7.547170
107 0.000000 0.000000 300.000000 7.894737
107 0.000000 0.000000 400.000000 7.843137
108 0.000000 0.000000 100.000000 6.896552
108 0.000000 0.000000 200.000000 7.547170
108 0.000000 0.000000 300.000000 7.894737
108 0.000000 0.000000 400.000000 7.858546
109 0.000000 0.000000 100.000000 6.896552
109 0.000000 0.000000 200.000000 7.547170
109 0.000000 0.000000 300.000000 7.894737
109 0.000000 0.000000 400.000000 7.858546
110 0.000000 0.000000 100.000000 6.896552
110 0.000000 0.000000 200.000000 7.547170
110 0.000000 0.000000 300.000000 7.894737
110 0.000000 0.000000 400.000000 7.858546
111 0.000000 0.000000 100.000000 6.896552
111 0.000000 0.000000 200.000000 7.547170
111 0.000000 0.000000 300.000000 7.894737
111 0.000000 0.000000 400.000000 7.874016
112 0.000000 0.000000 100.000000 6.896552
112 0.000000 0.000000 200.000000 7.547170
112 0.000000 0.000000 300.000000 7.894737
112 0.000000 0.000000 400.000000 7.874016
113 0.000000 0.000000 100.000000 6.896552
113 0.000000 0.000000 200.000000 7.575758
113 0.000000 0.000000 300.000000 7.915567
113 0.000000 0.000000 400.000000 7.874016
114 0.000000 0.000000 100.000000 6.896552
114 0.000000 0.000000 200.000000 7.575758
114 0.000000 0.000000 300.000000 7.915567
114 0.000000 0.000000 400.000000 7.874016
115 0.000000 0.000000 100.000000 6.896552
115 0.000000 0.000000 200.000000 7.575758
115 0.000000 0.000000 300.000000 7.915567
115 0.000000 0.000000 400.000000 7.889546
116 0.000000 0.000000 100.000000 6.849315
116 0.000000 0.000000 200.000000 7.575758
116 0.000000 0.000000 300.000000 7.915567
116 0.000000 0.000000 400.000000 7.889546
117 0.000000 0.000000 100.000000 6.849315
117 0.000000 0.000000 200.000000 7.575758
117 0.000000 0.000000 300.000000 7.894737
117 0.000000 0.000000 400.000000 7.889546
118 0.000000 0.000000 100.000000 6.849315
118 0.000000 0.000000 200.000000 7.575758
118 0.000000 0.000000 300.000000 7.894737
118 0.000000 0.000000 400.000000 7.889546
119 0.000000 0.000000 100.000000 6.849315
119 0.000000 0.000000 200.000000 7.575758
119 0.000000 0.000000 300.000000 7.894737
119 0.000000 0.000000 400.000000 7.905138
120 0.000000 0.000000 100.000000 6.849315
120 0.000000 0.000000 200.000000 7.575758
120 0.000000 0.000000 300.000000 7.894737
120 0.000000 0.000000 400.000000 7.905138
121 0.000000 0.000000 100.000000 6.849315
121 0.000000 0.000000 200.000000 7.575758
121 0.000000 0.000000 300.000000 7.894737
121 0.000000 0.000000 400.000000 7.905138
122 0.000000 0.000000 100.000000 6.849315
122 0.000000 0.000000 200.000000 7.575758
122 0.000000 0.000000 300.000000 7.894737
122 0.000000 0.000000 400.000000 7.905138
123 0.000000 0.000000 100.000000 6.849315
123 0.000000 0.000000 200.000000 7.575758
123 0.000000 0.000000 300.000000 7.874016
123 0.000000 0.000000 400.000000 7.905138
124 0.000000 0.000000 100.000000 6.849315
124 0.000000 0.000000 200.000000 7.575758
124 0.000000 0.000000 300.000000 7.874016
124 0.000000 0.000000 400.000000 7.905138
125 0.000000 0.000000 100.000000 6.849315
125 0.000000 0.000000 200.000000 7.575758
125 0.000000 0.000000 300.000000 7.874016
125 0.000000 0.000000 400.000000 7.920792
126 0.000000 0.000000 100.000000 6.849315
126 0.000000 0.000000 200.000000 7.575758
126 0.000000 0.000000 300.000000 7.853403
126 0.000000 0.000000 400.000000 7.920792
127 0.000000 0.000000 100.000000 6.849315
127 0.000000 0.000000 200.000000 7.575758
127 0.000000 0.000000 300.000000 7.853403
127 0.000000 0.000000 400.000000 7.920792
128 0.000000 0.000000 100.000000 6.849315
128 0.000000 0.000000 200.000000 7.575758
128 0.000000 0.000000 300.000000 7.832898
128 0.000000 0.000000 400.000000 7.920792
129 0.000000 0.000000 100.000000 6.849315
129 0.000000 0.000000 200.000000 7.575758
129 0.000000 0.000000 300.000000 7.832898
129 0.000000 0.000000 400.000000 7.920792
130 0.000000 0.000000 100.000000 6.849315
130 0.000000 0.000000 200.000000 7.575758
130 0.000000 0.000000 300.000000 7.812500
130 0.000000 0.000000 400.000000 7.920792
131 0.000000 0.000000 100.000000 6.849315
131 0.000000 0.000000 200.000000 7.575758
131 0.000000 0.000000 300.000000 7.812500
131 0.000000 0.000000 400.000000 7.920792
132 0.000000 0.000000 100.000000 6.849315
132 0.000000 0.000000 200.000000 7.575758
132 0.000000 0.000000 300.000000 7.792208
132 0.000000 0.000000 400.000000 7.920792
133 0.000000 0.000000 100.000000 6.849315
133 0.000000 0.000000 200.000000 7.604563
133 0.000000 0.000000 300.000000 7.792208
133 0.000000 0.000000 400.000000 7.936508
134 0.000000 0.000000 100.000000 6.849315
134 0.000000 0.000000 200.000000 7.604563
134 0.000000 0.000000 300.000000 7.772021
134 0.000000 0.000000 400.000000 7.936508
135 0.000000 0.000000 100.000000 6.896552
135 0.000000 0.000000 200.000000 7.604563
135 0.000000 0.000000 300.000000 7.772021
135 0.000000 0.000000 400.000000 7.936508
136 0.000000 0.000000 100.000000 6.896552
136 0.000000 0.000000 200.000000 7.604563
136 0.000000 0.000000 300.000000 7.772021
136 0.000000 0.000000 400.000000 7.936508
137 0.000000 0.000000 100.000000 6.896552
137 0.000000 0.000000 200.000000 7.604563
137 0.000000 0.000000 300.000000 7.751938
137 0.000000 0.000000 400.000000 7.936508
138 0.000000 0.000000 100.000000 6.896552
138 0.000000 0.000000 200.000000 7.604563
138 0.000000 0.000000 300.000000 7.751938
138 0.000000 0.000000 400.000000 7.936508
139 0.000000 0.000000 100.000000 6.896552
139 0.000000 0.000000 200.000000 7.604563
139 0.000000 0.000000 300.000000 7.751938
139 0.000000 0.000000 400.000000 7.936508
140 0.000000 0.000000 100.000000 6.896552
140 0.000000 0.000000 200.000000 7.633588
140 0.000000 0.000000 300.000000 7.751938
140 0.000000 0.000000 400.000000 7.936508
141 0.000000 0.000000 100.000000 6.896552
141 0.000000 0.000000 200.000000 7.633588
141 0.000000 0.000000 300.000000 7.731959
141 0.000000 0.000000 400.000000 7.952286
142 0.000000 0.000000 100.000000 6.944445
142 0.000000 0.000000 200.000000 7.633588
142 0.000000 0.000000 300.000000 7.731959
142 0.000000 0.000000 400.000000 7.952286
143 0.000000 0.000000 100.000000 6.944445
143 0.000000 0.000000 200.000000 7.633588
143 0.000000 0.000000 300.000000 7.731959
143 0.000000 0.000000 400.000000 7.952286
144 0.000000 0.000000 100.000000 6.944445
144 0.000000 0.000000 200.000000 7.633588
144 0.000000 0.000000 300.000000 7.731959
144 0.000000 0.000000 400.000000 7.952286
145 0.000000 0.000000 100.000000 6.944445
145 0.000000 0.000000 200.000000 7.662835
145 0.000000 0.000000 300.000000 7.731959
145 0.000000 0.000000 400.000000 7.952286
146 0.000000 0.000000 100.000000 6.944445
146 0.000000 0.000000 200.000000 7.662835
146 0.000000 0.000000 300.000000 7.731959
146 0.000000 0.000000 400.000000 7.952286
147 0.000000 0.000000 100.000000 6.944445
147 0.000000 0.000000 200.000000 7.662835
147 0.000000 0.000000 300.000000 7.731959
147 0.000000 0.000000 400.000000 7.952286
148 0.000000 0.000000 100.000000 6.993007
148 0.000000 0.000000 200.000000 7.662835
148 0.000000 0.000000 300.000000 7.731959
148 0.000000 0.000000 400.000000 7.968128
149 0.000000 0.000000 100.000000 6.993007
149 0.000000 0.000000 200.000000 7.662835
149 0.000000 0.000000 300.000000 7.731959
149 0.000000 0.000000 400.000000 7.968128
150 0.000000 0.000000 100.000000 6.993007
150 0.000000 0.000000 200.000000 7.662835
150 0.000000 0.000000 300.000000 7.712082
150 0.000000 0.000000 400.000000 7.968128
151 0.000000 0.000000 100.000000 6.993007
151 0.000000 0.000000 200.000000 7.692307
151 0.000000 0.000000 300.000000 7.712082
151 0.000000 0.000000 400.000000 7.968128
152 0.000000 0.000000 100.000000 6.993007
152 0.000000 0.000000 200.000000 7.692307
152 0.000000 0.000000 300.000000 7.712082
152 0.000000 0.000000 400.000000 7.968128
153 0.000000 0.000000 100.000000 6.993007
153 0.000000 0.000000 200.000000 7.692307
153 0.000000 0.000000 300.000000 7.712082
153 0.000000 0.000000 400.000000 7.968128
154 0.000000 0.000000 100.000000 6.993007
154 0.000000 0.000000 200.000000 7.692307
154 0.000000 0.000000 300.000000 7.712082
154 0.000000 0.000000 400.000000 7.968128
155 0.000000 0.000000 100.000000 7.042253
155 0.000000 0.000000 200.000000 7.692307
155 0.000000 0.000000 300.000000 7.712082
155 0.000000 0.000000 400.000000 7.984032
156 0.000000 0.000000 100.000000 7.042253
156 0.000000 0.000000 200.000000 7.722008
156 0.000000 0.000000 300.000000 7.712082
156 0.000000 0.000000 400.000000 7.984032
157 0.000000 0.000000 100.000000 7.042253
157 0.000000 0.000000 200.000000 7.722008
157 0.000000 0.000000 300.000000 7.712082
157 0.000000 0.000000 400.000000 7.984032
158 0.000000 0.000000 100.000000 7.042253
158 0.000000 0.000000 200.000000 7.722008
158 0.000000 0.000000 300.000000 7.712082
158 0.000000 0.000000 400.000000 7.984032
159 0.000000 0.000000 100.000000 7.042253
159 0.000000 0.000000 200.000000 7.722008
159 0.000000 0.000000 300.000000 7.712082
159 0.000000 0.000000 400.000000 7.984032
160 0.000000 0.000000 100.000000 7.042253
160 0.000000 0.000000 200.000000 7.722008
160 0.000000 0.000000 300.000000 7.712082
160 0.000000 0.000000 400.000000 7.984032
161 0.000000 0.000000 100.000000 7.042253
161 0.000000 0.000000 200.000000 7.722008
161 0.000000 0.000000 300.000000 7.712082
161 0.000000 0.000000 400.000000 7.984032
162 0.000000 0.000000 100.000000 7.042253
162 0.000000 0.000000 200.000000 7.722008
162 0.000000 0.000000 300.000000 7.712082
162 0.000000 0.000000 400.000000 7.984032
163 0.000000 0.000000 100.000000 7.092198
163 0.000000 0.000000 200.000000 7.751938
163 0.000000 0.000000 300.000000 7.712082
163 0.000000 0.000000 400.000000 7.984032
164 0.000000 0.000000 100.000000 7.092198
164 0.000000 0.000000 200.000000 7.751938
164 0.000000 0.000000 300.000000 7.712082
164 0.000000 0.000000 400.000000 7.984032
165 0.000000 0.000000 100.000000 7.092198
165 0.000000 0.000000 200.000000 7.751938
165 0.000000 0.000000 300.000000 7.712082
165 0.000000 0.000000 400.000000 7.984032
166 0.000000 0.000000 100.000000 7.092198
166 0.000000 0.000000 200.000000 7.751938
166 0.000000 0.000000 300.000000 7.712082
166 0.000000 0.000000 400.000000 7.984032
167 0.000000 0.000000 100.000000 7.092198
167 0.000000 0.000000 200.000000 7.751938
167 0.000000 0.000000 300.000000 7.712082
167 0.000000 0.000000 400.000000 8.000000
168 0.000000 0.000000 100.000000 7.092198
168 0.000000 0.000000 200.000000 7.751938
168 0.000000 0.000000 300.000000 7.712082
168 0.000000 0.000000 400.000000 8.000000
169 0.000000 0.000000 100.000000 7.092198
169 0.000000 0.000000 200.000000 7.751938
169 0.000000 0.000000 300.000000 7.731959
169 0.000000 0.000000 400.000000 8.000000
170 0.000000 0.000000 100.000000 7.142857
170 0.000000 0.000000 200.000000 7.782101
170 0.000000 0.000000 300.000000 7.731959
170 0.000000 0.000000 400.000000 8.000000
171 0.000000 0.000000 100.000000 7.142857
171 0.000000 0.000000 200.000000 7.782101
171 0.000000 0.000000 300.000000 7.731959
171 0.000000 0.000000 400.000000 8.000000
172 0.000000 0.000000 100.000000 7.142857
172 0.000000 0.000000 200.000000 7.782101
172 0.000000 0.000000 300.000000 7.731959
172 0.000000 0.000000 400.000000 8.000000
173 0.000000 0.000000 100.000000 7.142857
173 0.000000 0.000000 200.000000 7.782101
173 0.000000 0.000000 300.000000 7.731959
173 0.000000 0.000000 400.000000 8.000000
174 0.000000 0.000000 100.000000 7.142857
174 0.000000 0.000000 200.000000 7.782101
174 0.000000 0.000000 300.000000 7.731959
174 0.000000 0.000000 400.000000 8.000000
175 0.000000 0.000000 100.000000 7.194244
175 0.000000 0.000000 200.000000 7.812500
175 0.000000 0.000000 300.000000 7.731959
175 0.000000 0.000000 400.000000 8.000000
176 0.000000 0.000000 100.000000 7.194244
176 0.000000 0.000000 200.000000 7.812500
176 0.000000 0.000000 300.000000 7.751938
176 0.000000 0.000000 400.000000 8.000000
177 0.000000 0.000000 100.000000 7.194244
177 0.000000 0.000000 200.000000 7.812500
177 0.000000 0.000000 300.000000 7.751938
177 0.000000 0.000000 400.000000 8.000000
178 0.000000 0.000000 100.000000 7.194244
178 0.000000 0.000000 200.000000 7.812500
178 0.000000 0.000000 300.000000 7.751938
178 0.000000 0.000000 400.000000 8.000000
179 0.000000 0.000000 100.000000 7.194244
179 0.000000 0.000000 200.000000 7.843137
179 0.000000 0.000000 300.000000 7.751938
179 0.000000 0.000000 400.000000 8.000000
180 0.000000 0.000000 100.000000 7.246377
180 0.000000 0.000000 200.000000 7.843137
180 0.000000 0.000000 300.000000 7.772021
180 0.000000 0.000000 400.000000 8.000000
181 0.000000 0.000000 100.000000 7.246377
181 0.000000 0.000000 200.000000 7.843137
181 0.000000 0.000000 300.000000 7.772021
181 0.000000 0.000000 400.000000 8.000000
182 0.000000 0.000000 100.000000 7.246377
182 0.000000 0.000000 200.000000 7.843137
182 0.000000 0.000000 300.000000 7.772021
182 0.000000 0.000000 400.000000 8.000000
183 0.000000 0.000000 100.000000 7.246377
183 0.000000 0.000000 200.000000 7.874016
183 0.000000 0.000000 300.000000 7.772021
183 0.000000 0.000000 400.000000 8.016032
184 0.000000 0.000000 100.000000 7.299270
184 0.000000 0.000000 200.000000 7.874016
184 0.000000 0.000000 300.000000 7.792208
184 0.000000 0.000000 400.000000 8.016032
185 0.000000 0.000000 100.000000 7.299270
185 0.000000 0.000000 200.000000 7.874016
185 0.000000 0.000000 300.000000 7.792208
185 0.000000 0.000000 400.000000 8.016032
186 0.000000 0.000000 100.000000 7.299270
186 0.000000 0.000000 200.000000 7.905138
186 0.000000 0.000000 300.000000 7.792208
186 0.000000 0.000000 400.000000 8.016032
187 0.000000 0.000000 100.000000 7.352941
187 0.000000 0.000000 200.000000 7.905138
187 0.000000 0.000000 300.000000 7.812500
187 0.000000 0.000000 400.000000 8.016032
188 0.000000 0.000000 100.000000 7.352941
188 0.000000 0.000000 200.000000 7.905138
188 0.000000 0.000000 300.000000 7.812500
188 0.000000 0.000000 400.000000 8.016032
189 0.000000 0.000000 100.000000 7.352941
189 0.000000 0.000000 200.000000 7.936508
189 0.000000 0.000000 300.000000 7.812500
189 0.000000 0.000000 400.000000 8.032128
190 0.000000 0.000000 100.000000 7.407407
190 0.000000 0.000000 200.000000 7.936508
190 0.000000 0.000000 300.000000 7.832898
190 0.000000 0.000000 400.000000 8.032128
191 0.000000 0.000000 100.000000 7.407407
191 0.000000 0.000000 200.000000 7.936508
191 0.000000 0.000000 300.000000 7.832898
191 0.000000 0.000000 400.000000 8.032128
192 0.000000 0.000000 100.000000 7.407407
192 0.000000 0.000000 200.000000 7.968128
192 0.000000 0.000000 300.000000 7.832898
192 0.000000 0.000000 400.000000 8.032128
193 0.000000 0.000000 100.000000 7.462687
193 0.000000 0.000000 200.000000 7.968128
193 0.000000 0.000000 300.000000 7.853403
193 0.000000 0.000000 400.000000 8.032128
194 0.000000 0.000000 100.000000 7.462687
194 0.000000 0.000000 200.000000 7.968128
194 0.000000 0.000000 300.000000 7.853403
194 0.000000 0.000000 400.000000 8.048289
195 0.000000 0.000000 100.000000 7.462687
195 0.000000 0.000000 200.000000 8.000000
195 0.000000 0.000000 300.000000 7.874016
195 0.000000 0.000000 400.000000 8.048289
196 0.000000 0.000000 100.000000 7.518797
196 0.000000 0.000000 200.000000 8.000000
196 0.000000 0.000000 300.000000 7.874016
196 0.000000 0.000000 400.000000 8.048289
197 0.000000 0.000000 100.000000 7.518797
197 0.000000 0.000000 200.000000 8.032128
197 0.000000 0.000000 300.000000 7.874016
197 0.000000 0.000000 400.000000 8.048289
198 0.000000 0.000000 100.000000 7.575758
198 0.000000 0.000000 200.000000 8.032128
198 0.000000 0.000000 300.000000 7.894737
198 0.000000 0.000000 400.000000 8.064516
199 0.000000 0.000000 100.000000 7.575758
199 0.000000 0.000000 200.000000 8.032128
199 0.000000 0.000000 300.000000 7.894737
199 0.000000 0.000000 400.000000 8.064516
200 0.000000 0.000000 100.000000 7.575758
200 0.000000 0.000000 200.000000 8.064516
200 0.000000 0.000000 300.000000 7.915567
200 0.000000 0.000000 400.000000 8.064516
201 0.000000 0.000000 100.000000 7.633588
201 0.000000 0.000000 200.000000 8.064516
201 0.000000 0.000000 300.000000 7.915567
201 0.000000 0.000000 400.000000 8.064516
202 0.000000 0.000000 100.000000 7.633588
202 0.000000 0.000000 200.000000 8.097166
202 0.000000 0.000000 300.000000 7.915567
202 0.000000 0.000000 400.000000 8.064516
203 0.000000 0.000000 100.000000 7.692307
203 0.000000 0.000000 200.000000 8.097166
203 0.000000 0.000000 300.000000 7.936508
203 0.000000 0.000000 400.000000 8.064516
204 0.000000 0.000000 100.000000 7.692307
204 0.000000 0.000000 200.000000 8.097166
204 0.000000 0.000000 300.000000 7.936508
204 0.000000 0.000000 400.000000 8.080808
205 0.000000 0.000000 100.000000 7.692307
205 0.000000 0.000000 200.000000 8.130081
205 0.000000 0.000000 300.000000 7.936508
205 0.000000 0.000000 400.000000 8.080808
206 0.000000 0.000000 100.000000 7.751938
206 0.000000 0.000000 200.000000 8.130081
206 0.000000 0.000000 300.000000 7.957560
206 0.000000 0.000000 400.000000 8.080808
207 0.000000 0.000000 100.000000 7.751938
207 0.000000 0.000000 200.000000 8.130081
207 0.000000 0.000000 300.000000 7.957560
207 0.000000 0.000000 400.000000 8.080808
208 0.000000 0.000000 100.000000 7.751938
208 0.000000 0.000000 200.000000 8.163265
208 0.000000 0.000000 300.000000 7.957560
208 0.000000 0.000000 400.000000 8.080808
209 0.000000 0.000000 100.000000 7.812500
209 0.000000 0.000000 200.000000 8.163265
209 0.000000 0.000000 300.000000 7.978724
209 0.000000 0.000000 400.000000 8.080808
210 0.000000 0.000000 100.000000 7.812500
210 0.000000 0.000000 200.000000 8.163265
210 0.000000 0.000000 300.000000 7.978724
210 0.000000 0.000000 400.000000 8.080808
211 0.000000 0.000000 100.000000 7.874016
211 0.000000 0.000000 200.000000 8.196721
211 0.000000 0.000000 300.000000 7.978724
211 0.000000 0.000000 400.000000 8.080808
212 0.000000 0.000000 100.000000 7.874016
212 0.000000 0.000000 200.000000 8.196721
212 0.000000 0.000000 300.000000 8.000000
212 0.000000 0.000000 400.000000 8.064516
213 0.000000 0.000000 100.000000 7.874016
213 0.000000 0.000000 200.000000 8.196721
213 0.000000 0.000000 300.000000 8.000000
213 0.000000 0.000000 400.000000 8.064516
214 0.000000 0.000000 100.000000 7.874016
214 0.000000 0.000000 200.000000 8.230453
214 0.000000 0.000000 300.000000 8.000000
214 0.000000 0.000000 400.000000 8.064516
215 0.000000 0.000000 100.000000 7.936508
215 0.000000 0.000000 200.000000 8.230453
215 0.000000 0.000000 300.000000 8.000000
215 0.000000 0.000000 400.000000 8.064516
216 0.000000 0.000000 100.000000 7.936508
216 0.000000 0.000000 200.000000 8.230453
216 0.000000 0.000000 300.000000 8.021390
216 0.000000 0.000000 400.000000 8.048289
217 0.000000 0.000000 100.000000 7.936508
217 0.000000 0.000000 200.000000 8.230453
217 0.000000 0.000000 300.000000 8.021390
217 0.000000 0.000000 400.000000 8.048289
218 0.000000 0.000000 100.000000 7.936508
218 0.000000 0.000000 200.000000 8.230453
218 0.000000 0.000000 300.000000 8.021390
218 0.000000 0.000000 400.000000 8.032128
219 0.000000 0.000000 100.000000 8.000000
219 0.000000 0.000000 200.000000 8.264462
219 0.000000 0.000000 300.000000 8.021390
219 0.000000 0.000000 400.000000 8.016032
220 0.000000 0.000000 100.000000 8.000000
220 0.000000 0.000000 200.000000 8.264462
220 0.000000 0.000000 300.000000 8.021390
220 0.000000 0.000000 400.000000 8.016032
221 0.000000 0.000000 100.000000 8.000000
221 0.000000 0.000000 200.000000 8.264462
221 0.000000 0.000000 300.000000 8.042895
221 0.000000 0.000000 400.000000 8.000000
222 0.000000 0.000000 100.000000 8.000000
222 0.000000 0.000000 200.000000 8.264462
222 0.000000 0.000000 300.000000 8.042895
222 0.000000 0.000000 400.000000 7.984032
223 0.000000 0.000000 100.000000 8.000000
223 0.000000 0.000000 200.000000 8.264462
223 0.000000 0.000000 300.000000 8.042895
223 0.000000 0.000000 400.000000 7.952286
224 0.000000 0.000000 100.000000 8.000000
224 0.000000 0.000000 200.000000 8.264462
224 0.000000 0.000000 300.000000 8.042895
224 0.000000 0.000000 400.000000 7.936508
225 0.000000 0.000000 100.000000 8.000000
225 0.000000 0.000000 200.000000 8.264462
225 0.000000 0.000000 300.000000 8.042895
225 0.000000 0.000000 400.000000 7.905138
226 0.000000 0.000000 100.000000 8.064516
226 0.000000 0.000000 200.000000 8.264462
226 0.000000 0.000000 300.000000 8.042895
226 0.000000 0.000000 400.000000 7.889546
227 0.000000 0.000000 100.000000 8.064516
227 0.000000 0.000000 200.000000 8.264462
227 0.000000 0.000000 300.000000 8.064516
227 0.000000 0.000000 400.000000 7.858546
228 0.000000 0.000000 100.000000 8.064516
228 0.000000 0.000000 200.000000 8.298756
228 0.000000 0.000000 300.000000 8.064516
228 0.000000 0.000000 400.000000 7.827789
229 0.000000 0.000000 100.000000 8.064516
229 0.000000 0.000000 200.000000 8.298756
229 0.000000 0.000000 300.000000 8.064516
229 0.000000 0.000000 400.000000 7.812500
230 0.000000 0.000000 100.000000 8.064516
230 0.000000 0.000000 200.000000 8.298756
230 0.000000 0.000000 300.000000 8.064516
230 0.000000 0.000000 400.000000 7.782101
231 0.000000 0.000000 100.000000 8.064516
231 0.000000 0.000000 200.000000 8.298756
231 0.000000 0.000000 300.000000 8.064516
231 0.000000 0.000000 400.000000 7.766990
232 0.000000 0.000000 100.000000 8.064516
232 0.000000 0.000000 200.000000 8.298756
232 0.000000 0.000000 300.000000 8.064516
232 0.000000 0.000000 400.000000 7.736944
233 0.000000 0.000000 100.000000 8.064516
233 0.000000 0.000000 200.000000 8.298756
233 0.000000 0.000000 300.000000 8.086253
233 0.000000 0.000000 400.000000 7.722008
234 0.000000 0.000000 100.000000 8.064516
234 0.000000 0.000000 200.000000 8.298756
234 0.000000 0.000000 300.000000 8.086253
234 0.000000 0.000000 400.000000 7.707129
235 0.000000 0.000000 100.000000 8.064516
235 0.000000 0.000000 200.000000 8.333333
235 0.000000 0.000000 300.000000 8.086253
235 0.000000 0.000000 400.000000 7.677543
236 0.000000 0.000000 100.000000 8.064516
236 0.000000 0.000000 200.000000 8.333333
236 0.000000 0.000000 300.000000 8.086253
236 0.000000 0.000000 400.000000 7.648183
237 0.000000 0.000000 100.000000 8.130081
237 0.000000 0.000000 200.000000 8.333333
237 0.000000 0.000000 300.000000 8.086253
237 0.000000 0.000000 400.000000 7.633588
238 0.000000 0.000000 100.000000 8.130081
238 0.000000 0.000000 200.000000 8.333333
238 0.000000 0.000000 300.000000 8.108109
238 0.000000 0.000000 400.000000 7.604563
239 0.000000 0.000000 100.000000 8.130081
239 0.000000 0.000000 200.000000 8.333333
239 0.000000 0.000000 300.000000 8.108109
239 0.000000 0.000000 400.000000 7.590133
240 0.000000 0.000000 100.000000 8.130081
240 0.000000 0.000000 200.000000 8.368201
240 0.000000 0.000000 300.000000 8.108109
240 0.000000 0.000000 400.000000 7.575758
241 0.000000 0.000000 100.000000 8.130081
241 0.000000 0.000000 200.000000 8.368201
241 0.000000 0.000000 300.000000 8.108109
241 0.000000 0.000000 400.000000 7.547170
242 0.000000 0.000000 100.000000 8.130081
242 0.000000 0.000000 200.000000 8.368201
242 0.000000 0.000000 300.000000 8.130081
242 0.000000 0.000000 400.000000 7.518797
243 0.000000 0.000000 100.000000 8.130081
243 0.000000 0.000000 200.000000 8.368201
243 0.000000 0.000000 300.000000 8.130081
243 0.000000 0.000000 400.000000 7.490637
244 0.000000 0.000000 100.000000 8.196721
244 0.000000 0.000000 200.000000 8.368201
244 0.000000 0.000000 300.000000 8.130081
244 0.000000 0.000000 400.000000 7.448790
245 0.000000 0.000000 100.000000 8.196721
245 0.000000 0.000000 200.000000 8.403361
245 0.000000 0.000000 300.000000 8.152174
245 0.000000 0.000000 400.000000 7.393715
246 0.000000 0.000000 100.000000 8.196721
246 0.000000 0.000000 200.000000 8.403361
246 0.000000 0.000000 300.000000 8.152174
246 0.000000 0.000000 400.000000 7.299270
247 0.000000 0.000000 100.000000 8.196721
247 0.000000 0.000000 200.000000 8.403361
247 0.000000 0.000000 300.000000 8.152174
248 0.000000 0.000000 100.000000 8.196721
248 0.000000 0.000000 200.000000 8.403361
248 0.000000 0.000000 300.000000 8.174387
249 0.000000 0.000000 100.000000 8.196721
249 0.000000 0.000000 200.000000 8.438819
249 0.000000 0.000000 300.000000 8.174387
250 0.000000 0.000000 100.000000 8.196721
250 0.000000 0.000000 200.000000 8.438819
250 0.000000 0.000000 300.000000 8.174387
251 0.000000 0.000000 100.000000 8.264462
251 0.000000 0.000000 200.000000 8.438819
251 0.000000 0.000000 300.000000 8.196721
252 0.000000 0.000000 100.000000 8.264462
252 0.000000 0.000000 200.000000 8.438819
252 0.000000 0.000000 300.000000 8.196721
253 0.000000 0.000000 100.000000 8.264462
253 0.000000 0.000000 200.000000 8.474576
253 0.000000 0.000000 300.000000 8.219178
254 0.000000 0.000000 100.000000 8.264462
254 0.000000 0.000000 200.000000 8.474576
254 0.000000 0.000000 300.000000 8.219178
255 0.000000 0.000000 100.000000 8.264462
255 0.000000 0.000000 200.000000 8.474576
255 0.000000 0.000000 300.000000 8.219178
256 0.000000 0.000000 100.000000 8.264462
256 0.000000 0.000000 200.000000 8.474576
256 0.000000 0.000000 300.000000 8.241758
257 0.000000 0.000000 100.000000 8.264462
257 0.000000 0.000000 200.000000 8.474576
257 0.000000 0.000000 300.000000 8.241758
258 0.000000 0.000000 100.000000 8.264462
258 0.000000 0.000000 200.000000 8.474576
258 0.000000 0.000000 300.000000 8.241758
259 0.000000 0.000000 100.000000 8.333333
259 0.000000 0.000000 200.000000 8.510638
259 0.000000 0.000000 300.000000 8.264462
260 0.000000 0.000000 100.000000 8.333333
260 0.000000 0.000000 200.000000 8.510638
260 0.000000 0.000000 300.000000 8.264462
261 0.000000 0.000000 100.000000 8.333333
261 0.000000 0.000000 200.000000 8.510638
261 0.000000 0.000000 300.000000 8.264462
262 0.000000 0.000000 100.000000 8.333333
262 0.000000 0.000000 200.000000 8.510638
262 0.000000 0.000000 300.000000 8.287292
263 0.000000 0.000000 100.000000 8.333333
263 0.000000 0.000000 200.000000 8.510638
263 0.000000 0.000000 300.000000 8.287292
264 0.000000 0.000000 100.000000 8.333333
264 0.000000 0.000000 200.000000 8.510638
264 0.000000 0.000000 300.000000 8.287292
265 0.000000 0.000000 100.000000 8.333333
265 0.000000 0.000000 200.000000 8.474576
265 0.000000 0.000000 300.000000 8.287292
266 0.000000 0.000000 100.000000 8.333333
266 0.000000 0.000000 200.000000 8.474576
266 0.000000 0.000000 300.000000 8.310249
267 0.000000 0.000000 100.000000 8.333333
267 0.000000 0.000000 200.000000 8.474576
267 0.000000 0.000000 300.000000 8.310249
268 0.000000 0.000000 100.000000 8.333333
268 0.000000 0.000000 200.000000 8.474576
268 0.000000 0.000000 300.000000 8.310249
269 0.000000 0.000000 100.000000 8.333333
269 0.000000 0.000000 200.000000 8.438819
269 0.000000 0.000000 300.000000 8.310249
270 0.000000 0.000000 100.000000 8.333333
270 0.000000 0.000000 200.000000 8.438819
270 0.000000 0.000000 300.000000 8.310249
271 0.000000 0.000000 100.000000 8.333333
271 0.000000 0.000000 200.000000 8.438819
271 0.000000 0.000000 300.000000 8.310249
272 0.000000 0.000000 100.000000 8.403361
272 0.000000 0.000000 200.000000 8.403361
272 0.000000 0.000000 300.000000 8.310249
273 0.000000 0.000000 100.000000 8.403361
273 0.000000 0.000000 200.000000 8.403361
273 0.000000 0.000000 300.000000 8.333333
274 0.000000 0.000000 100.000000 8.403361
274 0.000000 0.000000 200.000000 8.368201
274 0.000000 0.000000 300.000000 8.333333
275 0.000000 0.000000 100.000000 8.403361
275 0.000000 0.000000 200.000000 8.333333
275 0.000000 0.000000 300.000000 8.333333
276 0.000000 0.000000 100.000000 8.403361
276 0.000000 0.000000 200.000000 8.333333
276 0.000000 0.000000 300.000000 8.333333
277 0.000000 0.000000 100.000000 8.403361
277 0.000000 0.000000 200.000000 8.298756
277 0.000000 0.000000 300.000000 8.333333
278 0.000000 0.000000 100.000000 8.403361
278 0.000000 0.000000 200.000000 8.298756
278 0.000000 0.000000 300.000000 8.333333
279 0.000000 0.000000 100.000000 8.403361
279 0.000000 0.000000 200.000000 8.264462
279 0.000000 0.000000 300.000000 8.333333
280 0.000000 0.000000 100.000000 8.403361
280 0.000000 0.000000 200.000000 8.230453
280 0.000000 0.000000 300.000000 8.333333
281 0.000000 0.000000 100.000000 8.403361
281 0.000000 0.000000 200.000000 8.230453
281 0.000000 0.000000 300.000000 8.333333
282 0.000000 0.000000 100.000000 8.403361
282 0.000000 0.000000 200.000000 8.196721
282 0.000000 0.000000 300.000000 8.333333
283 0.000000 0.000000 100.000000 8.403361
283 0.000000 0.000000 200.000000 8.196721
283 0.000000 0.000000 300.000000 8.333333
284 0.000000 0.000000 100.000000 8.403361
284 0.000000 0.000000 200.000000 8.196721
284 0.000000 0.000000 300.000000 8.333333
285 0.000000 0.000000 100.000000 8.403361
285 0.000000 0.000000 200.000000 8.163265
285 0.000000 0.000000 300.000000 8.333333
286 0.000000 0.000000 100.000000 8.403361
286 0.000000 0.000000 200.000000 8.163265
286 0.000000 0.000000 300.000000 8.333333
287 0.000000 0.000000 100.000000 8.403361
287 0.000000 0.000000 200.000000 8.163265
287 0.000000 0.000000 300.000000 8.333333
288 0.000000 0.000000 100.000000 8.403361
288 0.000000 0.000000 200.000000 8.130081
288 0.000000 0.000000 300.000000 8.333333
289 0.000000 0.000000 100.000000 8.403361
289 0.000000 0.000000 200.000000 8.130081
289 0.000000 0.000000 300.000000 8.333333
290 0.000000 0.000000 100.000000 8.403361
290 0.000000 0.000000 200.000000 8.130081
290 0.000000 0.000000 300.000000 8.333333
291 0.000000 0.000000 100.000000 8.403361
291 0.000000 0.000000 200.000000 8.097166
291 0.000000 0.000000 300.000000 8.333333
292 0.000000 0.000000 100.000000 8.403361
292 0.000000 0.000000 200.000000 8.097166
292 0.000000 0.000000 300.000000 8.333333
293 0.000000 0.000000 100.000000 8.403361
293 0.000000 0.000000 200.000000 8.097166
293 0.000000 0.000000 300.000000 8.333333
294 0.000000 0.000000 100.000000 8.403361
294 0.000000 0.000000 200.000000 8.097166
294 0.000000 0.000000 300.000000 8.333333
295 0.000000 0.000000 100.000000 8.403361
295 0.000000 0.000000 200.000000 8.064516
295 0.000000 0.000000 300.000000 8.333333
296 0.000000 0.000000 100.000000 8.403361
296 0.000000 0.000000 200.000000 8.064516
296 0.000000 0.000000 300.000000 8.333333
297 0.000000 0.000000 100.000000 8.403361
297 0.000000 0.000000 200.000000 8.064516
297 0.000000 0.000000 300.000000 8.333333
298 0.000000 0.000000 100.000000 8.403361
298 0.000000 0.000000 200.000000 8.064516
298 0.000000 0.000000 300.000000 8.333333
299 0.000000 0.000000 100.000000 8.403361
299 0.000000 0.000000 200.000000 8.064516
299 0.000000 0.000000 300.000000 8.310249
300 0.000000 0.000000 100.000000 8.403361
300 0.000000 0.000000 200.000000 8.064516
300 0.000000 0.000000 300.000000 8.310249
301 0.000000 0.000000 100.000000 8.403361
301 0.000000 0.000000 200.000000 8.032128
301 0.000000 0.000000 300.000000 8.310249
302 0.000000 0.000000 100.000000 8.403361
302 0.000000 0.000000 200.000000 8.032128
302 0.000000 0.000000 300.000000 8.310249
303 0.000000 0.000000 100.000000 8.403361
303 0.000000 0.000000 200.000000 8.032128
303 0.000000 0.000000 300.000000 8.310249
304 0.000000 0.000000 100.000000 8.403361
304 0.000000 0.000000 200.000000 8.032128
304 0.000000 0.000000 300.000000 8.310249
305 0.000000 0.000000 100.000000 8.403361
305 0.000000 0.000000 200.000000 8.032128
305 0.000000 0.000000 300.000000 8.310249
306 0.000000 0.000000 100.000000 8.403361
306 0.000000 0.000000 200.000000 8.032128
306 0.000000 0.000000 300.000000 8.310249
307 0.000000 0.000000 100.000000 8.403361
307 0.000000 0.000000 200.000000 8.032128
307 0.000000 0.000000 300.000000 8.310249
308 0.000000 0.000000 100.000000 8.474576
308 0.000000 0.000000 200.000000 8.032128
308 0.000000 0.000000 300.000000 8.310249
309 0.000000 0.000000 100.000000 8.403361
309 0.000000 0.000000 200.000000 8.032128
309 0.000000 0.000000 300.000000 8.287292
310 0.000000 0.000000 100.000000 8.403361
310 0.000000 0.000000 200.000000 8.000000
310 0.000000 0.000000 300.000000 8.287292
311 0.000000 0.000000 100.000000 8.403361
311 0.000000 0.000000 200.000000 8.000000
311 0.000000 0.000000 300.000000 8.287292
312 0.000000 0.000000 100.000000 8.403361
312 0.000000 0.000000 200.000000 8.000000
312 0.000000 0.000000 300.000000 8.287292
313 0.000000 0.000000 100.000000 8.474576
313 0.000000 0.000000 200.000000 8.000000
313 0.000000 0.000000 300.000000 8.287292
314 0.000000 0.000000 100.000000 8.474576
314 0.000000 0.000000 200.000000 8.000000
314 0.000000 0.000000 300.000000 8.287292
315 0.000000 0.000000 100.000000 8.474576
315 0.000000 0.000000 200.000000 8.000000
315 0.000000 0.000000 300.000000 8.264462
316 0.000000 0.000000 100.000000 8.474576
316 0.000000 0.000000 200.000000 8.000000
316 0.000000 0.000000 300.000000 8.264462
317 0.000000 0.000000 100.000000 8.474576
317 0.000000 0.000000 200.000000 8.000000
317 0.000000 0.000000 300.000000 8.264462
318 0.000000 0.000000 100.000000 8.474576
318 0.000000 0.000000 200.000000 8.000000
318 0.000000 0.000000 300.000000 8.264462
319 0.000000 0.000000 100.000000 8.474576
319 0.000000 0.000000 200.000000 8.000000
319 0.000000 0.000000 300.000000 8.264462
320 0.000000 0.000000 100.000000 8.474576
320 0.000000 0.000000 200.000000 8.000000
320 0.000000 0.000000 300.000000 8.241758
321 0.000000 0.000000 100.000000 8.474576
321 0.000000 0.000000 200.000000 8.000000
321 0.000000 0.000000 300.000000 8.241758
322 0.000000 0.000000 100.000000 8.474576
322 0.000000 0.000000 200.000000 8.000000
322 0.000000 0.000000 300.000000 8.241758
323 0.000000 0.000000 100.000000 8.474576
323 0.000000 0.000000 200.000000 8.032128
323 0.000000 0.000000 300.000000 8.241758
324 0.000000 0.000000 100.000000 8.474576
324 0.000000 0.000000 200.000000 8.032128
324 0.000000 0.000000 300.000000 8.241758
325 0.000000 0.000000 100.000000 8.474576
325 0.000000 0.000000 200.000000 8.032128
325 0.000000 0.000000 300.000000 8.219178
326 0.000000 0.000000 100.000000 8.474576
326 0.000000 0.000000 200.000000 8.032128
326 0.000000 0.000000 300.000000 8.219178
327 0.000000 0.000000 100.000000 8.474576
327 0.000000 0.000000 200.000000 8.032128
327 0.000000 0.000000 300.000000 8.219178
328 0.000000 0.000000 100.000000 8.474576
328 0.000000 0.000000 200.000000 8.032128
328 0.000000 0.000000 300.000000 8.219178
329 0.000000 0.000000 100.000000 8.474576
329 0.000000 0.000000 200.000000 8.032128
329 0.000000 0.000000 300.000000 8.196721
330 0.000000 0.000000 100.000000 8.474576
330 0.000000 0.000000 200.000000 8.032128
330 0.000000 0.000000 300.000000 8.196721
331 0.000000 0.000000 100.000000 8.474576
331 0.000000 0.000000 200.000000 8.032128
331 0.000000 0.000000 300.000000 8.196721
332 0.000000 0.000000 100.000000 8.474576
332 0.000000 0.000000 200.000000 8.032128
332 0.000000 0.000000 300.000000 8.174387
333 0.000000 0.000000 100.000000 8.474576
333 0.000000 0.000000 200.000000 8.000000
333 0.000000 0.000000 300.000000 8.174387
334 0.000000 0.000000 100.000000 8.474576
334 0.000000 0.000000 200.000000 8.000000
334 0.000000 0.000000 300.000000 8.152174
335 0.000000 0.000000 100.000000 8.474576
335 0.000000 0.000000 200.000000 8.000000
335 0.000000 0.000000 300.000000 8.152174
336 0.000000 0.000000 100.000000 8.474576
336 0.000000 0.000000 200.000000 8.000000
336 0.000000 0.000000 300.000000 8.130081
337 0.000000 0.000000 100.000000 8.474576
337 0.000000 0.000000 200.000000 8.000000
337 0.000000 0.000000 300.000000 8.108109
338 0.000000 0.000000 100.000000 8.474576
338 0.000000 0.000000 200.000000 8.000000
338 0.000000 0.000000 300.000000 8.108109
339 0.000000 0.000000 100.000000 8.474576
339 0.000000 0.000000 200.000000 8.000000
339 0.000000 0.000000 300.000000 8.086253
340 0.000000 0.000000 100.000000 8.474576
340 0.000000 0.000000 200.000000 8.000000
340 0.000000 0.000000 300.000000 8.064516
341 0.000000 0.000000 100.000000 8.403361
341 0.000000 0.000000 200.000000 8.000000
341 0.000000 0.000000 300.000000 8.042895
342 0.000000 0.000000 100.000000 8.403361
342 0.000000 0.000000 200.000000 8.000000
342 0.000000 0.000000 300.000000 8.021390
343 0.000000 0.000000 100.000000 8.403361
343 0.000000 0.000000 200.000000 8.000000
343 0.000000 0.000000 300.000000 8.000000
344 0.000000 0.000000 100.000000 8.403361
344 0.000000 0.000000 200.000000 8.000000
344 0.000000 0.000000 300.000000 7.978724
345 0.000000 0.000000 100.000000 8.403361
345 0.000000 0.000000 200.000000 8.000000
345 0.000000 0.000000 300.000000 7.957560
346 0.000000 0.000000 100.000000 8.403361
346 0.000000 0.000000 200.000000 8.000000
346 0.000000 0.000000 300.000000 7.915567
347 0.000000 0.000000 100.000000 8.403361
347 0.000000 0.000000 200.000000 8.000000
347 0.000000 0.000000 300.000000 7.874016
348 0.000000 0.000000 100.000000 8.403361
348 0.000000 0.000000 200.000000 8.000000
348 0.000000 0.000000 300.000000 7.832898
349 0.000000 0.000000 100.000000 8.403361
349 0.000000 0.000000 200.000000 8.000000
349 0.000000 0.000000 300.000000 7.792208
350 0.000000 0.000000 100.000000 8.403361
350 0.000000 0.000000 200.000000 8.000000
350 0.000000 0.000000 300.000000 7.751938
351 0.000000 0.000000 100.000000 8.403361
351 0.000000 0.000000 200.000000 8.000000
351 0.000000 0.000000 300.000000 7.712082
352 0.000000 0.000000 100.000000 8.403361
352 0.000000 0.000000 200.000000 8.032128
352 0.000000 0.000000 300.000000 7.692307
353 0.000000 0.000000 100.000000 8.403361
353 0.000000 0.000000 200.000000 8.032128
353 0.000000 0.000000 300.000000 7.653061
354 0.000000 0.000000 100.000000 8.403361
354 0.000000 0.000000 200.000000 8.032128
354 0.000000 0.000000 300.000000 7.614213
355 0.000000 0.000000 100.000000 8.403361
355 0.000000 0.000000 200.000000 8.032128
355 0.000000 0.000000 300.000000 7.594937
356 0.000000 0.000000 100.000000 8.474576
356 0.000000 0.000000 200.000000 8.032128
356 0.000000 0.000000 300.000000 7.556675
357 0.000000 0.000000 100.000000 8.474576
357 0.000000 0.000000 200.000000 8.032128
357 0.000000 0.000000 300.000000 7.518797
358 0.000000 0.000000 100.000000 8.474576
358 0.000000 0.000000 200.000000 8.032128
358 0.000000 0.000000 300.000000 7.481297
359 0.000000 0.000000 100.000000 8.474576
359 0.000000 0.000000 200.000000 8.032128
359 0.000000 0.000000 300.000000 7.444169
360 0.000000 0.000000 100.000000 8.474576
360 0.000000 0.000000 200.000000 8.032128
360 0.000000 0.000000 300.000000 7.425743
361 0.000000 0.000000 100.000000 8.474576
361 0.000000 0.000000 200.000000 8.064516
361 0.000000 0.000000 300.000000 7.389163
362 0.000000 0.000000 100.000000 8.474576
362 0.000000 0.000000 200.000000 8.064516
362 0.000000 0.000000 300.000000 7.352941
363 0.000000 0.000000 100.000000 8.474576
363 0.000000 0.000000 200.000000 8.064516
363 0.000000 0.000000 300.000000 7.317073
364 0.000000 0.000000 100.000000 8.474576
364 0.000000 0.000000 200.000000 8.064516
364 0.000000 0.000000 300.000000 7.263923
365 0.000000 0.000000 100.000000 8.474576
365 0.000000 0.000000 200.000000 8.064516
365 0.000000 0.000000 300.000000 7.211538
366 0.000000 0.000000 100.000000 8.547009
366 0.000000 0.000000 200.000000 8.097166
366 0.000000 0.000000 300.000000 7.125891
367 0.000000 0.000000 100.000000 8.547009
367 0.000000 0.000000 200.000000 8.097166
367 0.000000 0.000000 300.000000 6.976744
368 0.000000 0.000000 100.000000 8.547009
368 0.000000 0.000000 200.000000 8.097166
369 0.000000 0.000000 100.000000 8.547009
369 0.000000 0.000000 200.000000 8.097166
370 0.000000 0.000000 100.000000 8.547009
370 0.000000 0.000000 200.000000 8.130081
371 0.000000 0.000000 100.000000 8.547009
371 0.000000 0.000000 200.000000 8.130081
372 0.000000 0.000000 100.000000 8.547009
372 0.000000 0.000000 200.000000 8.130081
373 0.000000 0.000000 100.000000 8.547009
373 0.000000 0.000000 200.000000 8.130081
374 0.000000 0.000000 100.000000 8.547009
374 0.000000 0.000000 200.000000 8.163265
375 0.000000 0.000000 100.000000 8.547009
375 0.000000 0.000000 200.000000 8.163265
376 0.000000 0.000000 100.000000 8.547009
376 0.000000 0.000000 200.000000 8.163265
377 0.000000 0.000000 100.000000 8.547009
377 0.000000 0.000000 200.000000 8.163265
378 0.000000 0.000000 100.000000 8.547009
378 0.000000 0.000000 200.000000 8.196721
379 0.000000 0.000000 100.000000 8.547009
379 0.000000 0.000000 200.000000 8.196721
380 0.000000 0.000000 100.000000 8.547009
380 0.000000 0.000000 200.000000 8.196721
381 0.000000 0.000000 100.000000 8.547009
381 0.000000 0.000000 200.000000 8.196721
382 0.000000 0.000000 100.000000 8.547009
382 0.000000 0.000000 200.000000 8.196721
383 0.000000 0.000000 100.000000 8.547009
383 0.000000 0.000000 200.000000 8.230453
384 0.000000 0.000000 100.000000 8.547009
384 0.000000 0.000000 200.000000 8.230453
385 0.000000 0.000000 100.000000 8.474576
385 0.000000 0.000000 200.000000 8.230453
386 0.000000 0.000000 100.000000 8.474576
386 0.000000 0.000000 200.000000 8.230453
387 0.000000 0.000000 100.000000 8.474576
387 0.000000 0.000000 200.000000 8.230453
388 0.000000 0.000000 100.000000 8.403361
388 0.000000 0.000000 200.000000 8.230453
389 0.000000 0.000000 100.000000 8.403361
389 0.000000 0.000000 200.000000 8.230453
390 0.000000 0.000000 100.000000 8.333333
390 0.000000 0.000000 200.000000 8.230453
391 0.000000 0.000000 100.000000 8.264462
391 0.000000 0.000000 200.000000 8.230453
392 0.000000 0.000000 100.000000 8.264462
392 0.000000 0.000000 200.000000 8.230453
393 0.000000 0.000000 100.000000 8.196721
393 0.000000 0.000000 200.000000 8.230453
394 0.000000 0.000000 100.000000 8.130081
394 0.000000 0.000000 200.000000 8.230453
395 0.000000 0.000000 100.000000 8.130081
395 0.000000 0.000000 200.000000 8.230453
396 0.000000 0.000000 100.000000 8.064516
396 0.000000 0.000000 200.000000 8.230453
397 0.000000 0.000000 100.000000 8.064516
397 0.000000 0.000000 200.000000 8.230453
398 0.000000 0.000000 100.000000 8.000000
398 0.000000 0.000000 200.000000 8.230453
399 0.000000 0.000000 100.000000 7.936508
399 0.000000 0.000000 200.000000 8.230453
400 0.000000 0.000000 100.000000 7.936508
400 0.000000 0.000000 200.000000 8.230453
401 0.000000 0.000000 100.000000 7.874016
401 0.000000 0.000000 200.000000 8.230453
402 0.000000 0.000000 100.000000 7.874016
402 0.000000 0.000000 200.000000 8.230453
403 0.000000 0.000000 100.000000 7.874016
403 0.000000 0.000000 200.000000 8.230453
404 0.000000 0.000000 100.000000 7.812500
404 0.000000 0.000000 200.000000 8.230453
405 0.000000 0.000000 100.000000 7.812500
405 0.000000 0.000000 200.000000 8.230453
406 0.000000 0.000000 100.000000 7.751938
406 0.000000 0.000000 200.000000 8.230453
407 0.000000 0.000000 100.000000 7.751938
407 0.000000 0.000000 200.000000 8.230453
408 0.000000 0.000000 100.000000 7.751938
408 0.000000 0.000000 200.000000 8.230453
409 0.000000 0.000000 100.000000 7.751938
409 0.000000 0.000000 200.000000 8.230453
410 0.000000 0.000000 100.000000 7.692307
410 0.000000 0.000000 200.000000 8.230453
411 0.000000 0.000000 100.000000 7.692307
411 0.000000 0.000000 200.000000 8.230453
412 0.000000 0.000000 100.000000 7.692307
412 0.000000 0.000000 200.000000 8.230453
413 0.000000 0.000000 100.000000 7.633588
413 0.000000 0.000000 200.000000 8.230453
414 0.000000 0.000000 100.000000 7.633588
414 0.000000 0.000000 200.000000 8.230453
415 0.000000 0.000000 100.000000 7.633588
415 0.000000 0.000000 200.000000 8.230453
416 0.000000 0.000000 100.000000 7.633588
416 0.000000 0.000000 200.000000 8.230453
417 0.000000 0.000000 100.000000 7.633588
417 0.000000 0.000000 200.000000 8.230453
418 0.000000 0.000000 100.000000 7.575758
418 0.000000 0.000000 200.000000 8.196721
419 0.000000 0.000000 100.000000 7.575758
419 0.000000 0.000000 200.000000 8.196721
420 0.000000 0.000000 100.000000 7.575758
420 0.000000 0.000000 200.000000 8.196721
421 0.000000 0.000000 100.000000 7.575758
421 0.000000 0.000000 200.000000 8.196721
422 0.000000 0.000000 100.000000 7.575758
422 0.000000 0.000000 200.000000 8.196721
423 0.000000 0.000000 100.000000 7.575758
423 0.000000 0.000000 200.000000 8.196721
424 0.000000 0.000000 100.000000 7.575758
424 0.000000 0.000000 200.000000 8.196721
425 0.000000 0.000000 100.000000 7.575758
425 0.000000 0.000000 200.000000 8.196721
426 0.000000 0.000000 100.000000 7.575758
426 0.000000 0.000000 200.000000 8.163265
427 0.000000 0.000000 100.000000 7.518797
427 0.000000 0.000000 200.000000 8.163265
428 0.000000 0.000000 100.000000 7.518797
428 0.000000 0.000000 200.000000 8.163265
429 0.000000 0.000000 100.000000 7.518797
429 0.000000 0.000000 200.000000 8.163265
430 0.000000 0.000000 100.000000 7.518797
430 0.000000 0.000000 200.000000 8.163265
431 0.000000 0.000000 100.000000 7.518797
431 0.000000 0.000000 200.000000 8.130081
432 0.000000 0.000000 100.000000 7.518797
432 0.000000 0.000000 200.000000 8.130081
433 0.000000 0.000000 100.000000 7.518797
433 0.000000 0.000000 200.000000 8.130081
434 0.000000 0.000000 100.000000 7.518797
434 0.000000 0.000000 200.000000 8.130081
435 0.000000 0.000000 100.000000 7.518797
435 0.000000 0.000000 200.000000 8.130081
436 0.000000 0.000000 100.000000 7.518797
436 0.000000 0.000000 200.000000 8.097166
437 0.000000 0.000000 100.000000 7.518797
437 0.000000 0.000000 200.000000 8.097166
438 0.000000 0.000000 100.000000 7.518797
438 0.000000 0.000000 200.000000 8.097166
439 0.000000 0.000000 100.000000 7.518797
439 0.000000 0.000000 200.000000 8.097166
440 0.000000 0.000000 100.000000 7.518797
440 0.000000 0.000000 200.000000 8.064516
441 0.000000 0.000000 100.000000 7.518797
441 0.000000 0.000000 200.000000 8.064516
442 0.000000 0.000000 100.000000 7.518797
442 0.000000 0.000000 200.000000 8.064516
443 0.000000 0.000000 100.000000 7.518797
443 0.000000 0.000000 200.000000 8.064516
444 0.000000 0.000000 100.000000 7.518797
444 0.000000 0.000000 200.000000 8.032128
445 0.000000 0.000000 100.000000 7.518797
445 0.000000 0.000000 200.000000 8.032128
446 0.000000 0.000000 100.000000 7.518797
446 0.000000 0.000000 200.000000 8.032128
447 0.000000 0.000000 100.000000 7.518797
447 0.000000 0.000000 200.000000 8.000000
448 0.000000 0.000000 100.000000 7.518797
448 0.000000 0.000000 200.000000 8.000000
449 0.000000 0.000000 100.000000 7.518797
449 0.000000 0.000000 200.000000 8.000000
450 0.000000 0.000000 100.000000 7.518797
450 0.000000 0.000000 200.000000 7.968128
451 0.000000 0.000000 100.000000 7.518797
451 0.000000 0.000000 200.000000 7.968128
452 0.000000 0.000000 100.000000 7.518797
452 0.000000 0.000000 200.000000 7.936508
453 0.000000 0.000000 100.000000 7.518797
453 0.000000 0.000000 200.000000 7.936508
454 0.000000 0.000000 100.000000 7.518797
454 0.000000 0.000000 200.000000 7.905138
455 0.000000 0.000000 100.000000 7.518797
455 0.000000 0.000000 200.000000 7.905138
456 0.000000 0.000000 100.000000 7.518797
456 0.000000 0.000000 200.000000 7.874016
457 0.000000 0.000000 100.000000 7.518797
457 0.000000 0.000000 200.000000 7.843137
458 0.000000 0.000000 100.000000 7.518797
458 0.000000 0.000000 200.000000 7.812500
459 0.000000 0.000000 100.000000 7.518797
459 0.000000 0.000000 200.000000 7.782101
460 0.000000 0.000000 100.000000 7.518797
460 0.000000 0.000000 200.000000 7.751938
461 0.000000 0.000000 100.000000 7.518797
461 0.000000 0.000000 200.000000 7.722008
462 0.000000 0.000000 100.000000 7.518797
462 0.000000 0.000000 200.000000 7.692307
463 0.000000 0.000000 100.000000 7.518797
463 0.000000 0.000000 200.000000 7.662835
464 0.000000 0.000000 100.000000 7.518797
464 0.000000 0.000000 200.000000 7.604563
465 0.000000 0.000000 100.000000 7.518797
465 0.000000 0.000000 200.000000 7.547170
466 0.000000 0.000000 100.000000 7.575758
466 0.000000 0.000000 200.000000 7.490637
467 0.000000 0.000000 100.000000 7.575758
467 0.000000 0.000000 200.000000 7.434944
468 0.000000 0.000000 100.000000 7.575758
468 0.000000 0.000000 200.000000 7.380074
469 0.000000 0.000000 100.000000 7.575758
469 0.000000 0.000000 200.000000 7.326007
470 0.000000 0.000000 100.000000 7.575758
470 0.000000 0.000000 200.000000 7.272727
471 0.000000 0.000000 100.000000 7.575758
471 0.000000 0.000000 200.000000 7.220217
472 0.000000 0.000000 100.000000 7.575758
472 0.000000 0.000000 200.000000 7.194244
473 0.000000 0.000000 100.000000 7.575758
473 0.000000 0.000000 200.000000 7.142857
474 0.000000 0.000000 100.000000 7.575758
474 0.000000 0.000000 200.000000 7.092198
475 0.000000 0.000000 100.000000 7.575758
475 0.000000 0.000000 200.000000 7.042253
476 0.000000 0.000000 100.000000 7.575758
476 0.000000 0.000000 200.000000 6.968641
477 0.000000 0.000000 100.000000 7.575758
477 0.000000 0.000000 200.000000 6.920415
478 0.000000 0.000000 100.000000 7.575758
478 0.000000 0.000000 200.000000 6.872852
479 0.000000 0.000000 100.000000 7.575758
479 0.000000 0.000000 200.000000 6.825939
480 0.000000 0.000000 100.000000 7.575758
480 0.000000 0.000000 200.000000 6.756757
481 0.000000 0.000000 100.000000 7.575758
481 0.000000 0.000000 200.000000 6.666667
482 0.000000 0.000000 100.000000 7.633588
482 0.000000 0.000000 200.000000 6.535948
483 0.000000 0.000000 100.000000 7.633588
483 0.000000 0.000000 200.000000 6.309148
484 0.000000 0.000000 100.000000 7.633588
485 0.000000 0.000000 100.000000 7.633588
486 0.000000 0.000000 100.000000 7.633588
487 0.000000 0.000000 100.000000 7.633588
488 0.000000 0.000000 100.000000 7.692307
489 0.000000 0.000000 100.000000 7.692307
490 0.000000 0.000000 100.000000 7.692307
491 0.000000 0.000000 100.000000 7.692307
492 0.000000 0.000000 100.000000 7.692307
493 0.000000 0.000000 100.000000 7.751938
494 0.000000 0.000000 100.000000 7.751938
495 0.000000 0.000000 100.000000 7.751938
496 0.000000 0.000000 100.000000 7.751938
497 0.000000 0.000000 100.000000 7.812500
498 0.000000 0.000000 100.000000 7.812500
499 0.000000 0.000000 100.000000 7.812500
500 0.000000 0.000000 100.000000 7.874016
501 0.000000 0.000000 100.000000 7.874016
502 0.000000 0.000000 100.000000 7.874016
503 0.000000 0.000000 100.000000 7.936508
504 0.000000 0.000000 100.000000 7.936508
505 0.000000 0.000000 100.000000 8.000000
506 0.000000 0.000000 100.000000 8.000000
507 0.000000 0.000000 100.000000 8.000000
508 0.000000 0.000000 100.000000 8.064516
509 0.000000 0.000000 100.000000 8.064516
510 0.000000 0.000000 100.000000 8.064516
511 0.000000 0.000000 100.000000 8.130081
512 0.000000 0.000000 100.000000 8.130081
513 0.000000 0.000000 100.000000 8.196721
514 0.000000 0.000000 100.000000 8.196721
515 0.000000 0.000000 100.000000 8.264462
516 0.000000 0.000000 100.000000 8.264462
517 0.000000 0.000000 100.000000 8.264462
518 0.000000 0.000000 100.000000 8.333333
519 0.000000 0.000000 100.000000 8.333333
520 0.000000 0.000000 100.000000 8.333333
521 0.000000 0.000000 100.000000 8.403361
522 0.000000 0.000000 100.000000 8.403361
523 0.000000 0.000000 100.000000 8.403361
524 0.000000 0.000000 100.000000 8.474576
525 0.000000 0.000000 100.000000 8.474576
526 0.000000 0.000000 100.000000 8.474576
527 0.000000 0.000000 100.000000 8.547009
528 0.000000 0.000000 100.000000 8.547009
529 0.000000 0.000000 100.000000 8.547009
530 0.000000 0.000000 100.000000 8.547009
531 0.000000 0.000000 100.000000 8.620689
532 0.000000 0.000000 100.000000 8.620689
533 0.000000 0.000000 100.000000 8.620689
534 0.000000 0.000000 100.000000 8.620689
535 0.000000 0.000000 100.000000 8.695652
536 0.000000 0.000000 100.000000 8.695652
537 0.000000 0.000000 100.000000 8.695652
538 0.000000 0.000000 100.000000 8.695652
539 0.000000 0.000000 100.000000 8.695652
540 0.000000 0.000000 100.000000 8.771930
541 0.000000 0.000000 100.000000 8.771930
542 0.000000 0.000000 100.000000 8.771930
543 0.000000 0.000000 100.000000 8.771930
544 0.000000 0.000000 100.000000 8.771930
545 0.000000 0.000000 100.000000 8.771930
546 0.000000 0.000000 100.000000 8.771930
547 0.000000 0.000000 100.000000 8.771930
548 0.000000 0.000000 100.000000 8.849558
549 0.000000 0.000000 100.000000 8.849558
550 0.000000 0.000000 100.000000 8.849558
551 0.000000 0.000000 100.000000 8.849558
552 0.000000 0.000000 100.000000 8.849558
553 0.000000 0.000000 100.000000 8.849558
554 0.000000 0.000000 100.000000 8.849558
555 0.000000 0.000000 100.000000 8.849558
556 0.000000 0.000000 100.000000 8.849558
557 0.000000 0.000000 100.000000 8.771930
558 0.000000 0.000000 100.000000 8.771930
559 0.000000 0.000000 100.000000 8.771930
560 0.000000 0.000000 100.000000 8.771930
561 0.000000 0.000000 100.000000 8.771930
562 0.000000 0.000000 100.000000 8.771930
563 0.000000 0.000000 100.000000 8.695652
564 0.000000 0.000000 100.000000 8.695652
565 0.000000 0.000000 100.000000 8.695652
566 0.000000 0.000000 100.000000 8.695652
567 0.000000 0.000000 100.000000 8.695652
568 0.000000 0.000000 100.000000 8.620689
569 0.000000 0.000000 100.000000 8.620689
570 0.000000 0.000000 100.000000 8.620689
571 0.000000 0.000000 100.000000 8.620689
572 0.000000 0.000000 100.000000 8.620689
573 0.000000 0.000000 100.000000 8.547009
574 0.000000 0.000000 100.000000 8.547009
575 0.000000 0.000000 100.000000 8.547009
576 0.000000 0.000000 100.000000 8.547009
577 0.000000 0.000000 100.000000 8.474576
578 0.000000 0.000000 100.000000 8.474576
579 0.000000 0.000000 100.000000 8.474576
580 0.000000 0.000000 100.000000 8.403361
581 0.000000 0.000000 100.000000 8.403361
582 0.000000 0.000000 100.000000 8.333333
583 0.000000 0.000000 100.000000 8.333333
584 0.000000 0.000000 100.000000 8.264462
585 0.000000 0.000000 100.000000 8.264462
586 0.000000 0.000000 100.000000 8.196721
587 0.000000 0.000000 100.000000 8.130081
588 0.000000 0.000000 100.000000 8.130081
589 0.000000 0.000000 100.000000 8.064516
590 0.000000 0.000000 100.000000 8.000000
591 0.000000 0.000000 100.000000 7.936508
592 0.000000 0.000000 100.000000 7.874016
593 0.000000 0.000000 100.000000 7.751938
594 0.000000 0.000000 100.000000 7.692307
595 0.000000 0.000000 100.000000 7.575758
596 0.000000 0.000000 100.000000 7.462687
597 0.000000 0.000000 100.000000 7.352941
598 0.000000 0.000000 100.000000 7.246377
599 0.000000 0.000000 100.000000 7.142857
600 0.000000 0.000000 100.000000 6.993007
601 0.000000 0.000000 100.000000 6.944445
602 0.000000 0.000000 100.000000 6.849315
603 0.000000 0.000000 100.000000 6.756757
604 0.000000 0.000000 100.000000 6.666667
605 0.000000 0.000000 100.000000 6.535948
606 0.000000 0.000000 100.000000 6.451613
607 0.000000 0.000000 100.000000 6.369427
608 0.000000 0.000000 100.000000 6.289308
609 0.000000 0.000000 100.000000 6.172840
610 0.000000 0.000000 100.000000 6.060606
611 0.000000 0.000000 100.000000 5.917160
612 0.000000 0.000000 100.000000 5.681818
