0 0.000000 0.000000 100.000000 13.513514
0 0.000000 0.000000 200.000000 13.605442
0 0.000000 0.000000 300.000000 14.084507
1 0.000000 0.000000 100.000000 13.513514
1 0.000000 0.000000 200.000000 13.605442
1 0.000000 0.000000 300.000000 14.084507
2 0.000000 0.000000 100.000000 13.513514
2 0.000000 0.000000 200.000000 13.605442
2 0.000000 0.000000 300.000000 14.084507
3 0.000000 0.000000 100.000000 13.513514
3 0.000000 0.000000 200.000000 13.605442
3 0.000000 0.000000 300.000000 14.084507
4 0.000000 0.000000 100.000000 13.513514
4 0.000000 0.000000 200.000000 13.605442
4 0.000000 0.000000 300.000000 14.084507
5 0.000000 0.000000 100.000000 13.513514
5 0.000000 0.000000 200.000000 13.605442
5 0.000000 0.000000 300.000000 14.150944
6 0.000000 0.000000 100.000000 13.513514
6 0.000000 0.000000 200.000000 13.605442
6 0.000000 0.000000 300.000000 14.150944
7 0.000000 0.000000 100.000000 13.513514
7 0.000000 0.000000 200.000000 13.605442
7 0.000000 0.000000 300.000000 14.150944
8 0.000000 0.000000 100.000000 13.513514
8 0.000000 0.000000 200.000000 13.605442
8 0.000000 0.000000 300.000000 14.150944
9 0.000000 0.000000 100.000000 13.513514
9 0.000000 0.000000 200.000000 13.605442
9 0.000000 0.000000 300.000000 14.150944
10 0.000000 0.000000 100.000000 13.513514
10 0.000000 0.000000 200.000000 13.698630
10 0.000000 0.000000 300.000000 14.150944
11 0.000000 0.000000 100.000000 13.513514
11 0.000000 0.000000 200.000000 13.698630
11 0.000000 0.000000 300.000000 14.218010
12 0.000000 0.000000 100.000000 13.513514
12 0.000000 0.000000 200.000000 13.698630
12 0.000000 0.000000 300.000000 14.218010
13 0.000000 0.000000 100.000000 13.513514
13 0.000000 0.000000 200.000000 13.698630
13 0.000000 0.000000 300.000000 14.218010
14 0.000000 0.000000 100.000000 13.513514
14 0.000000 0.000000 200.000000 13.698630
14 0.000000 0.000000 300.000000 14.218010
15 0.000000 0.000000 100.000000 13.513514
15 0.000000 0.000000 200.000000 13.698630
15 0.000000 0.000000 300.000000 14.218010
16 0.000000 0.000000 100.000000 13.513514
16 0.000000 0.000000 200.000000 13.698630
16 0.000000 0.000000 300.000000 14.218010
17 0.000000 0.000000 100.000000 13.513514
17 0.000000 0.000000 200.000000 13.698630
17 0.000000 0.000000 300.000000 14.285714
18 0.000000 0.000000 100.000000 13.513514
18 0.000000 0.000000 200.000000 13.698630
18 0.000000 0.000000 300.000000 14.285714
19 0.000000 0.000000 100.000000 13.513514
19 0.000000 0.000000 200.000000 13.698630
19 0.000000 0.000000 300.000000 14.285714
20 0.000000 0.000000 100.000000 13.513514
20 0.000000 0.000000 200.000000 13.698630
20 0.000000 0.000000 300.000000 14.285714
21 0.000000 0.000000 100.000000 13.513514
21 0.000000 0.000000 200.000000 13.698630
21 0.000000 0.000000 300.000000 14.285714
22 0.000000 0.000000 100.000000 13.513514
22 0.000000 0.000000 200.000000 13.793103
22 0.000000 0.000000 300.000000 14.285714
23 0.000000 0.000000 100.000000 13.513514
23 0.000000 0.000000 200.000000 13.793103
23 0.000000 0.000000 300.000000 14.354067
24 0.000000 0.000000 100.000000 13.513514
24 0.000000 0.000000 200.000000 13.793103
24 0.000000 0.000000 300.000000 14.354067
25 0.000000 0.000000 100.000000 13.513514
25 0.000000 0.000000 200.000000 13.793103
25 0.000000 0.000000 300.000000 14.354067
26 0.000000 0.000000 100.000000 13.513514
26 0.000000 0.000000 200.000000 13.793103
26 0.000000 0.000000 300.000000 14.354067
27 0.000000 0.000000 100.000000 13.513514
27 0.000000 0.000000 200.000000 13.793103
27 0.000000 0.000000 300.000000 14.354067
28 0.000000 0.000000 100.000000 13.513514
28 0.000000 0.000000 200.000000 13.793103
28 0.000000 0.000000 300.000000 14.354067
29 0.000000 0.000000 100.000000 13.513514
29 0.000000 0.000000 200.000000 13.793103
29 0.000000 0.000000 300.000000 14.354067
30 0.000000 0.000000 100.000000 13.513514
30 0.000000 0.000000 200.000000 13.793103
30 0.000000 0.000000 300.000000 14.354067
31 0.000000 0.000000 100.000000 13.513514
31 0.000000 0.000000 200.000000 13.793103
31 0.000000 0.000000 300.000000 14.423077
32 0.000000 0.000000 100.000000 13.513514
32 0.000000 0.000000 200.000000 13.793103
32 0.000000 0.000000 300.000000 14.423077
33 0.000000 0.000000 100.000000 13.513514
33 0.000000 0.000000 200.000000 13.793103
33 0.000000 0.000000 300.000000 14.423077
34 0.000000 0.000000 100.000000 13.513514
34 0.000000 0.000000 200.000000 13.793103
34 0.000000 0.000000 300.000000 14.423077
35 0.000000 0.000000 100.000000 13.513514
35 0.000000 0.000000 200.000000 13.793103
35 0.000000 0.000000 300.000000 14.423077
36 0.000000 0.000000 100.000000 13.513514
36 0.000000 0.000000 200.000000 13.888889
36 0.000000 0.000000 300.000000 14.423077
37 0.000000 0.000000 100.000000 13.513514
37 0.000000 0.000000 200.000000 13.888889
37 0.000000 0.000000 300.000000 14.423077
38 0.000000 0.000000 100.000000 13.333333
38 0.000000 0.000000 200.000000 13.888889
38 0.000000 0.000000 300.000000 14.423077
39 0.000000 0.000000 100.000000 13.333333
39 0.000000 0.000000 200.000000 13.888889
39 0.000000 0.000000 300.000000 14.492754
40 0.000000 0.000000 100.000000 13.333333
40 0.000000 0.000000 200.000000 13.888889
40 0.000000 0.000000 300.000000 14.492754
41 0.000000 0.000000 100.000000 13.333333
41 0.000000 0.000000 200.000000 13.888889
41 0.000000 0.000000 300.000000 14.492754
42 0.000000 0.000000 100.000000 13.333333
42 0.000000 0.000000 200.000000 13.888889
42 0.000000 0.000000 300.000000 14.492754
43 0.000000 0.000000 100.000000 13.333333
43 0.000000 0.000000 200.000000 13.888889
43 0.000000 0.000000 300.000000 14.492754
44 0.000000 0.000000 100.000000 13.333333
44 0.000000 0.000000 200.000000 13.888889
44 0.000000 0.000000 300.000000 14.492754
45 0.000000 0.000000 100.000000 13.333333
45 0.000000 0.000000 200.000000 13.888889
45 0.000000 0.000000 300.000000 14.492754
46 0.000000 0.000000 100.000000 13.333333
46 0.000000 0.000000 200.000000 13.888889
46 0.000000 0.000000 300.000000 14.492754
47 0.000000 0.000000 100.000000 13.333333
47 0.000000 0.000000 200.000000 13.888889
47 0.000000 0.000000 300.000000 14.492754
48 0.000000 0.000000 100.000000 13.333333
48 0.000000 0.000000 200.000000 13.888889
48 0.000000 0.000000 300.000000 14.492754
49 0.000000 0.000000 100.000000 13.333333
49 0.000000 0.000000 200.000000 13.888889
49 0.000000 0.000000 300.000000 14.563107
50 0.000000 0.000000 100.000000 13.333333
50 0.000000 0.000000 200.000000 13.986014
50 0.000000 0.000000 300.000000 14.563107
51 0.000000 0.000000 100.000000 13.333333
51 0.000000 0.000000 200.000000 13.986014
51 0.000000 0.000000 300.000000 14.563107
52 0.000000 0.000000 100.000000 13.333333
52 0.000000 0.000000 200.000000 13.986014
52 0.000000 0.000000 300.000000 14.563107
53 0.000000 0.000000 100.000000 13.333333
53 0.000000 0.000000 200.000000 13.986014
53 0.000000 0.000000 300.000000 14.563107
54 0.000000 0.000000 100.000000 13.333333
54 0.000000 0.000000 200.000000 13.986014
54 0.000000 0.000000 300.000000 14.563107
55 0.000000 0.000000 100.000000 13.333333
55 0.000000 0.000000 200.000000 13.986014
55 0.000000 0.000000 300.000000 14.563107
56 0.000000 0.000000 100.000000 13.333333
56 0.000000 0.000000 200.000000 13.986014
56 0.000000 0.000000 300.000000 14.563107
57 0.000000 0.000000 100.000000 13.333333
57 0.000000 0.000000 200.000000 13.986014
57 0.000000 0.000000 300.000000 14.634147
58 0.000000 0.000000 100.000000 13.333333
58 0.000000 0.000000 200.000000 13.986014
58 0.000000 0.000000 300.000000 14.634147
59 0.000000 0.000000 100.000000 13.333333
59 0.000000 0.000000 200.000000 13.986014
59 0.000000 0.000000 300.000000 14.634147
60 0.000000 0.000000 100.000000 13.333333
60 0.000000 0.000000 200.000000 13.986014
60 0.000000 0.000000 300.000000 14.634147
61 0.000000 0.000000 100.000000 13.333333
61 0.000000 0.000000 200.000000 14.084507
61 0.000000 0.000000 300.000000 14.634147
62 0.000000 0.000000 100.000000 13.333333
62 0.000000 0.000000 200.000000 14.084507
62 0.000000 0.000000 300.000000 14.634147
63 0.000000 0.000000 100.000000 13.333333
63 0.000000 0.000000 200.000000 14.084507
63 0.000000 0.000000 300.000000 14.634147
64 0.000000 0.000000 100.000000 13.333333
64 0.000000 0.000000 200.000000 14.084507
64 0.000000 0.000000 300.000000 14.705882
65 0.000000 0.000000 100.000000 13.333333
65 0.000000 0.000000 200.000000 14.084507
65 0.000000 0.000000 300.000000 14.705882
66 0.000000 0.000000 100.000000 13.333333
66 0.000000 0.000000 200.000000 14.084507
66 0.000000 0.000000 300.000000 14.705882
67 0.000000 0.000000 100.000000 13.333333
67 0.000000 0.000000 200.000000 14.084507
67 0.000000 0.000000 300.000000 14.705882
68 0.000000 0.000000 100.000000 13.333333
68 0.000000 0.000000 200.000000 14.084507
69 0.000000 0.000000 100.000000 13.333333
69 0.000000 0.000000 200.000000 14.184397
70 0.000000 0.000000 100.000000 13.333333
70 0.000000 0.000000 200.000000 14.184397
71 0.000000 0.000000 100.000000 13.333333
71 0.000000 0.000000 200.000000 14.184397
72 0.000000 0.000000 100.000000 13.333333
72 0.000000 0.000000 200.000000 14.184397
73 0.000000 0.000000 100.000000 13.333333
73 0.000000 0.000000 200.000000 14.184397
74 0.000000 0.000000 100.000000 13.333333
74 0.000000 0.000000 200.000000 14.184397
75 0.000000 0.000000 100.000000 13.333333
75 0.000000 0.000000 200.000000 14.184397
76 0.000000 0.000000 100.000000 13.333333
76 0.000000 0.000000 200.000000 14.285714
77 0.000000 0.000000 100.000000 13.333333
77 0.000000 0.000000 200.000000 14.285714
78 0.000000 0.000000 100.000000 13.333333
78 0.000000 0.000000 200.000000 14.285714
79 0.000000 0.000000 100.000000 13.333333
79 0.000000 0.000000 200.000000 14.285714
80 0.000000 0.000000 100.000000 13.513514
80 0.000000 0.000000 200.000000 14.285714
81 0.000000 0.000000 100.000000 13.513514
81 0.000000 0.000000 200.000000 14.285714
82 0.000000 0.000000 100.000000 13.513514
82 0.000000 0.000000 200.000000 14.388489
83 0.000000 0.000000 100.000000 13.513514
83 0.000000 0.000000 200.000000 14.388489
84 0.000000 0.000000 100.000000 13.513514
84 0.000000 0.000000 200.000000 14.388489
85 0.000000 0.000000 100.000000 13.513514
85 0.000000 0.000000 200.000000 14.388489
86 0.000000 0.000000 100.000000 13.513514
86 0.000000 0.000000 200.000000 14.388489
87 0.000000 0.000000 100.000000 13.513514
87 0.000000 0.000000 200.000000 14.492754
88 0.000000 0.000000 100.000000 13.513514
88 0.000000 0.000000 200.000000 14.492754
89 0.000000 0.000000 100.000000 13.513514
89 0.000000 0.000000 200.000000 14.492754
90 0.000000 0.000000 100.000000 13.513514
90 0.000000 0.000000 200.000000 14.492754
91 0.000000 0.000000 100.000000 13.698630
91 0.000000 0.000000 200.000000 14.492754
92 0.000000 0.000000 100.000000 13.698630
92 0.000000 0.000000 200.000000 14.492754
93 0.000000 0.000000 100.000000 13.698630
93 0.000000 0.000000 200.000000 14.598540
94 0.000000 0.000000 100.000000 13.698630
94 0.000000 0.000000 200.000000 14.598540
95 0.000000 0.000000 100.000000 13.698630
95 0.000000 0.000000 200.000000 14.598540
96 0.000000 0.000000 100.000000 13.698630
96 0.000000 0.000000 200.000000 14.598540
97 0.000000 0.000000 100.000000 13.698630
97 0.000000 0.000000 200.000000 14.598540
98 0.000000 0.000000 100.000000 13.698630
98 0.000000 0.000000 200.000000 14.598540
99 0.000000 0.000000 100.000000 13.698630
99 0.000000 0.000000 200.000000 14.705882
100 0.000000 0.000000 100.000000 13.698630
100 0.000000 0.000000 200.000000 14.705882
101 0.000000 0.000000 100.000000 13.888889
101 0.000000 0.000000 200.000000 14.705882
102 0.000000 0.000000 100.000000 13.888889
102 0.000000 0.000000 200.000000 14.705882
103 0.000000 0.000000 100.000000 13.888889
103 0.000000 0.000000 200.000000 14.705882
104 0.000000 0.000000 100.000000 13.888889
104 0.000000 0.000000 200.000000 14.705882
105 0.000000 0.000000 100.000000 13.888889
105 0.000000 0.000000 200.000000 14.705882
106 0.000000 0.000000 100.000000 13.888889
106 0.000000 0.000000 200.000000 14.814815
107 0.000000 0.000000 100.000000 13.888889
107 0.000000 0.000000 200.000000 14.814815
108 0.000000 0.000000 100.000000 13.888889
108 0.000000 0.000000 200.000000 14.814815
109 0.000000 0.000000 100.000000 13.888889
109 0.000000 0.000000 200.000000 14.814815
110 0.000000 0.000000 100.000000 14.084507
110 0.000000 0.000000 200.000000 14.814815
111 0.000000 0.000000 100.000000 14.084507
111 0.000000 0.000000 200.000000 14.814815
112 0.000000 0.000000 100.000000 14.084507
112 0.000000 0.000000 200.000000 14.925373
113 0.000000 0.000000 100.000000 14.084507
113 0.000000 0.000000 200.000000 14.925373
114 0.000000 0.000000 100.000000 14.084507
114 0.000000 0.000000 200.000000 14.925373
115 0.000000 0.000000 100.000000 14.084507
115 0.000000 0.000000 200.000000 14.925373
116 0.000000 0.000000 100.000000 14.084507
116 0.000000 0.000000 200.000000 14.925373
117 0.000000 0.000000 100.000000 14.084507
117 0.000000 0.000000 200.000000 14.925373
118 0.000000 0.000000 100.000000 14.285714
118 0.000000 0.000000 200.000000 15.037594
119 0.000000 0.000000 100.000000 14.285714
119 0.000000 0.000000 200.000000 15.037594
120 0.000000 0.000000 100.000000 14.285714
120 0.000000 0.000000 200.000000 15.037594
121 0.000000 0.000000 100.000000 14.285714
121 0.000000 0.000000 200.000000 15.037594
122 0.000000 0.000000 100.000000 14.285714
122 0.000000 0.000000 200.000000 15.037594
123 0.000000 0.000000 100.000000 14.285714
123 0.000000 0.000000 200.000000 15.037594
124 0.000000 0.000000 100.000000 14.285714
124 0.000000 0.000000 200.000000 15.037594
125 0.000000 0.000000 100.000000 14.285714
125 0.000000 0.000000 200.000000 15.151515
126 0.000000 0.000000 100.000000 14.285714
126 0.000000 0.000000 200.000000 15.151515
127 0.000000 0.000000 100.000000 14.492754
127 0.000000 0.000000 200.000000 15.151515
128 0.000000 0.000000 100.000000 14.492754
128 0.000000 0.000000 200.000000 15.151515
129 0.000000 0.000000 100.000000 14.492754
129 0.000000 0.000000 200.000000 15.151515
130 0.000000 0.000000 100.000000 14.492754
130 0.000000 0.000000 200.000000 15.151515
131 0.000000 0.000000 100.000000 14.492754
131 0.000000 0.000000 200.000000 15.151515
132 0.000000 0.000000 100.000000 14.492754
132 0.000000 0.000000 200.000000 15.267176
133 0.000000 0.000000 100.000000 14.492754
133 0.000000 0.000000 200.000000 15.267176
134 0.000000 0.000000 100.000000 14.492754
134 0.000000 0.000000 200.000000 15.267176
135 0.000000 0.000000 100.000000 14.492754
135 0.000000 0.000000 200.000000 15.267176
136 0.000000 0.000000 100.000000 14.705882
136 0.000000 0.000000 200.000000 15.267176
137 0.000000 0.000000 100.000000 14.705882
137 0.000000 0.000000 200.000000 15.267176
138 0.000000 0.000000 100.000000 14.705882
138 0.000000 0.000000 200.000000 15.267176
139 0.000000 0.000000 100.000000 14.705882
139 0.000000 0.000000 200.000000 15.384615
140 0.000000 0.000000 100.000000 14.705882
140 0.000000 0.000000 200.000000 15.384615
141 0.000000 0.000000 100.000000 14.705882
141 0.000000 0.000000 200.000000 15.384615
142 0.000000 0.000000 100.000000 14.705882
143 0.000000 0.000000 100.000000 14.705882
144 0.000000 0.000000 100.000000 14.705882
145 0.000000 0.000000 100.000000 14.705882
146 0.000000 0.000000 100.000000 14.925373
147 0.000000 0.000000 100.000000 14.925373
148 0.000000 0.000000 100.000000 14.925373
149 0.000000 0.000000 100.000000 14.925373
150 0.000000 0.000000 100.000000 14.925373
151 0.000000 0.000000 100.000000 14.925373
152 0.000000 0.000000 100.000000 14.925373
153 0.000000 0.000000 100.000000 14.925373
154 0.000000 0.000000 100.000000 14.925373
155 0.000000 0.000000 100.000000 14.925373
156 0.000000 0.000000 100.000000 14.925373
157 0.000000 0.000000 100.000000 15.151515
158 0.000000 0.000000 100.000000 15.151515
159 0.000000 0.000000 100.000000 15.151515
160 0.000000 0.000000 100.000000 15.151515
161 0.000000 0.000000 100.000000 15.151515
162 0.000000 0.000000 100.000000 15.151515
163 0.000000 0.000000 100.000000 15.151515
164 0.000000 0.000000 100.000000 15.151515
165 0.000000 0.000000 100.000000 15.151515
166 0.000000 0.000000 100.000000 15.151515
167 0.000000 0.000000 100.000000 15.151515
168 0.000000 0.000000 100.000000 15.384615
169 0.000000 0.000000 100.000000 15.384615
170 0.000000 0.000000 100.000000 15.384615
171 0.000000 0.000000 100.000000 15.384615
172 0.000000 0.000000 100.000000 15.384615
173 0.000000 0.000000 100.000000 15.384615
174 0.000000 0.000000 100.000000 15.384615
175 0.000000 0.000000 100.000000 15.384615
176 0.000000 0.000000 100.000000 15.384615
177 0.000000 0.000000 100.000000 15.384615
178 0.000000 0.000000 100.000000 15.384615
179 0.000000 0.000000 100.000000 15.384615
180 0.000000 0.000000 100.000000 15.384615
181 0.000000 0.000000 100.000000 15.384615
182 0.000000 0.000000 100.000000 15.384615
183 0.000000 0.000000 100.000000 15.384615
184 0.000000 0.000000 100.000000 15.384615
185 0.000000 0.000000 100.000000 15.384615
186 0.000000 0.000000 100.000000 15.384615
187 0.000000 0.000000 100.000000 15.384615
188 0.000000 0.000000 100.000000 15.625000
189 0.000000 0.000000 100.000000 15.625000
190 0.000000 0.000000 100.000000 15.625000
191 0.000000 0.000000 100.000000 15.625000
192 0.000000 0.000000 100.000000 15.625000
193 0.000000 0.000000 100.000000 15.625000
194 0.000000 0.000000 100.000000 15.625000
195 0.000000 0.000000 100.000000 15.625000
196 0.000000 0.000000 100.000000 15.625000
197 0.000000 0.000000 100.000000 15.625000
198 0.000000 0.000000 100.000000 15.625000
199 0.000000 0.000000 100.000000 15.625000
200 0.000000 0.000000 100.000000 15.625000
201 0.000000 0.000000 100.000000 15.625000
202 0.000000 0.000000 100.000000 15.625000
203 0.000000 0.000000 100.000000 15.625000
204 0.000000 0.000000 100.000000 15.625000
205 0.000000 0.000000 100.000000 15.625000
206 0.000000 0.000000 100.000000 15.625000
207 0.000000 0.000000 100.000000 15.625000
